# Fitted Temperatures:
# Downstream (K): 1790.5	1.1
# Upstream (K): 1821.0	3.0
# 
# Datacolumns:
# wavelength(nm)	DS_data	DS_fit
5.999027669181562032e+02 1.216770552567779077e+03 1.169410043298563323e+03
6.001657843390433982e+02 1.240582680682460932e+03 1.173719887124365869e+03
6.004288003690031701e+02 1.218289653865478613e+03 1.178040664517099913e+03
6.006918150067531315e+02 1.245169585820335897e+03 1.182372386397051969e+03
6.009548282510108947e+02 1.252088243540547637e+03 1.186715063651347009e+03
6.012178401004945272e+02 1.237445554722633460e+03 1.191068707133885027e+03
6.014808505539216412e+02 1.226186538928815253e+03 1.195433327665242814e+03
6.017438596100097357e+02 1.262147267815067607e+03 1.199808936032620750e+03
6.020068672674769914e+02 1.264692559445766392e+03 1.204195542989780961e+03
6.022698735250404525e+02 1.268568551236172880e+03 1.208593159256936133e+03
6.025328783814185272e+02 1.250958561273518171e+03 1.213001795520744281e+03
6.027958818353286006e+02 1.281594443922668688e+03 1.217421462434164141e+03
6.030588838854886262e+02 1.284559760852974932e+03 1.221852170616453122e+03
6.033218845306164440e+02 1.294273598353076068e+03 1.226293930653053394e+03
6.035848837694300073e+02 1.303641767229909192e+03 1.230746753095535496e+03
6.038478816006468151e+02 1.292489251567786368e+03 1.235210648461527853e+03
6.041108780229849344e+02 1.287036204937694720e+03 1.239685627234668573e+03
6.043738730351619779e+02 1.305556360948698739e+03 1.244171699864491529e+03
6.046368666358960127e+02 1.298039395521866709e+03 1.248668876766413632e+03
6.048998588239047649e+02 1.326182885972463737e+03 1.253177168321628187e+03
6.051628495979061881e+02 1.318744819098624703e+03 1.257696584877053510e+03
6.054258389566183496e+02 1.338639326229916151e+03 1.262227136745259941e+03
6.056888268987588617e+02 1.336599270511242139e+03 1.266768834204410496e+03
6.059518134230457918e+02 1.338461868063185420e+03 1.271321687498185156e+03
6.062147985281970932e+02 1.333682064279297265e+03 1.275885706835735164e+03
6.064777822129307197e+02 1.347636550028389593e+03 1.280460902391586842e+03
6.067407644759645109e+02 1.366174727737259673e+03 1.285047284305602034e+03
6.070037453160164205e+02 1.367873124078179217e+03 1.289644862682902158e+03
6.072667247318048567e+02 1.356396237738780883e+03 1.294253647593815231e+03
6.075297027220473183e+02 1.355446585412200420e+03 1.298873649073791057e+03
6.077926792854619862e+02 1.396759911098682778e+03 1.303504877123357574e+03
6.080556544207669276e+02 1.417850498302859251e+03 1.308147341708045133e+03
6.083186281266799824e+02 1.378198258309357243e+03 1.312801052758337846e+03
6.085816004019193315e+02 1.412241724287082434e+03 1.317466020169589228e+03
6.088445712452031557e+02 1.402155486673528003e+03 1.322142253801983315e+03
6.091075406552491813e+02 1.381805945876428268e+03 1.326829763480453039e+03
6.093705086307761576e+02 1.428475611228447406e+03 1.331528558994646346e+03
6.096334751705013559e+02 1.434484047812365816e+03 1.336238650098814560e+03
6.098964402731431846e+02 1.435815532530408746e+03 1.340960046511807377e+03
6.101594039374200520e+02 1.416160895505264307e+03 1.345692757916990331e+03
6.104223661620500252e+02 1.420813345584670969e+03 1.350436793962178854e+03
6.106853269457508304e+02 1.444386137495966068e+03 1.355192164259564834e+03
6.109482862872411033e+02 1.442277656273429329e+03 1.359958878385703201e+03
6.112112441852386837e+02 1.423206474574702497e+03 1.364736945881403699e+03
6.114742006384618662e+02 1.450572146926402638e+03 1.369526376251707461e+03
6.117371556456290591e+02 1.457491815266311733e+03 1.374327178965809480e+03
6.120001092054582159e+02 1.434821641308632252e+03 1.379139363457000854e+03
6.122630613166677449e+02 1.460661700507146406e+03 1.383962939122627631e+03
6.125260119779757133e+02 1.451278255320101380e+03 1.388797915324001906e+03
6.127889611881001883e+02 1.456696121116125823e+03 1.393644301386384768e+03
6.130519089457599193e+02 1.435376902309506249e+03 1.398502106598903310e+03
6.133148552496728598e+02 1.455370508787241533e+03 1.403371340214497422e+03
6.135778000985575318e+02 1.490294029607299763e+03 1.408252011449876591e+03
6.138407434911318887e+02 1.474474848161951286e+03 1.413144129485436906e+03
6.141036854261144526e+02 1.472695794712422185e+03 1.418047703465252198e+03
6.143666259022236318e+02 1.464401536647816556e+03 1.422962742496962619e+03
6.146295649181776071e+02 1.519500250409288128e+03 1.427889255651765097e+03
6.148925024726951278e+02 1.512097194980613040e+03 1.432827251964344669e+03
6.151554385644936929e+02 1.484427825498020866e+03 1.437776740432797624e+03
6.154183731922927336e+02 1.462095254749404148e+03 1.442737730018634466e+03
6.156813063548099763e+02 1.487936771864987122e+03 1.447710229646663038e+03
6.159442380507638291e+02 1.507828561325346072e+03 1.452694248204972837e+03
6.162071682788730413e+02 1.512725838787067460e+03 1.457689794544878396e+03
6.164700970378559077e+02 1.515347276034916376e+03 1.462696877480854710e+03
6.167330243264308365e+02 1.509685644353040516e+03 1.467715505790510406e+03
6.169959501433165769e+02 1.516886828795490374e+03 1.472745688214503389e+03
6.172588744872310826e+02 1.549833853359789146e+03 1.477787433456509916e+03
6.175217973568929892e+02 1.566484150804923956e+03 1.482840750183165255e+03
6.177847187510211597e+02 1.532566545685559504e+03 1.487905647024047994e+03
6.180476386683337751e+02 1.544174933208515995e+03 1.492982132571562943e+03
6.183105571075495845e+02 1.550205387730035682e+03 1.498070215380950458e+03
6.185734740673869965e+02 1.549456189524766842e+03 1.503169903970210726e+03
6.188363895465644191e+02 1.530366138848970650e+03 1.508281206820062152e+03
6.190993035438007155e+02 1.540076211703351646e+03 1.513404132373888615e+03
6.193622160578142939e+02 1.550357585829721984e+03 1.518538689037697168e+03
6.196251270873240173e+02 1.565338145388398061e+03 1.523684885180068250e+03
6.198880366310481804e+02 1.566719668850540984e+03 1.528842729132097020e+03
6.201509446877054188e+02 1.570679980443802833e+03 1.534012229187364937e+03
6.204138512560147092e+02 1.588544083370975386e+03 1.539193393601887692e+03
6.206767563346942325e+02 1.574585409493717862e+03 1.544386230594051995e+03
6.209396599224630791e+02 1.590940705685296280e+03 1.549590748344592157e+03
6.212025620180397709e+02 1.598415607351690824e+03 1.554806954996538934e+03
6.214654626201429437e+02 1.595894336334014724e+03 1.560034858655155631e+03
6.217283617274914604e+02 1.631115416462864459e+03 1.565274467387921504e+03
6.219912593388039568e+02 1.632387311883276197e+03 1.570525789224461960e+03
6.222541554527989547e+02 1.614300531076000880e+03 1.575788832156526951e+03
6.225170500681956582e+02 1.600648555710854680e+03 1.581063604137927541e+03
6.227799431837124757e+02 1.632679750998688633e+03 1.586350113084503846e+03
6.230428347980683839e+02 1.623852671973053702e+03 1.591648366874071598e+03
6.233057249099821320e+02 1.616621735076893174e+03 1.596958373346396456e+03
6.235686135181725831e+02 1.673794643606810723e+03 1.602280140303135113e+03
6.238315006213584866e+02 1.631581563016164409e+03 1.607613675507792550e+03
6.240943862182585917e+02 1.662904821724460362e+03 1.612958986685695891e+03
6.243572703075919890e+02 1.674610276266424762e+03 1.618316081523938919e+03
6.246201528880773139e+02 1.658923545876436037e+03 1.623684967671345248e+03
6.248830339584335434e+02 1.685738882766526103e+03 1.629065652738430344e+03
6.251459135173797677e+02 1.655795363439866605e+03 1.634458144297358331e+03
6.254087915636346224e+02 1.708533511974685098e+03 1.639862449881892644e+03
6.256716680959173118e+02 1.704223101990107352e+03 1.645278576987376482e+03
6.259345431129462440e+02 1.685040737353863506e+03 1.650706533070668002e+03
6.261974166134408506e+02 1.711788266680447578e+03 1.656146325550134179e+03
6.264602885961202219e+02 1.734447916817255418e+03 1.661597961805586692e+03
6.267231590597031072e+02 1.714133391244090944e+03 1.667061449178233033e+03
6.269860280029081423e+02 1.708493585682328103e+03 1.672536794970675373e+03
6.272488954244549859e+02 1.704208589789825965e+03 1.678024006446852127e+03
6.275117613230623874e+02 1.716073666585539286e+03 1.683523090831991340e+03
6.277746256974493235e+02 1.738572481662495647e+03 1.689034055312583178e+03
6.280374885463351120e+02 1.760484858231159251e+03 1.694556907036359462e+03
6.283003498684386159e+02 1.746499715588520985e+03 1.700091653112221820e+03
6.285632096624789256e+02 1.769599245321696571e+03 1.705638300610236911e+03
6.288260679271750178e+02 1.751235762501190038e+03 1.711196856561578443e+03
6.290889246612464376e+02 1.763292378785984283e+03 1.716767327958522856e+03
6.293517798634119345e+02 1.772960279390878441e+03 1.722349721754379516e+03
6.296146335323909398e+02 1.776873054655682608e+03 1.727944044863468662e+03
6.298774856669023166e+02 1.778897731931095450e+03 1.733550304161087297e+03
6.301403362656653826e+02 1.777369659549844073e+03 1.739168506483493502e+03
6.304031853273994557e+02 1.813888599399586610e+03 1.744798658627845498e+03
6.306660328508236262e+02 1.799023042791323405e+03 1.750440767352183229e+03
6.309288788346570982e+02 1.777491496392160570e+03 1.756094839375379479e+03
6.311917232776190758e+02 1.820403968825968377e+03 1.761760881377129635e+03
6.314545661784291042e+02 1.799689388352710694e+03 1.767438899997918043e+03
6.317174075358059326e+02 1.836568949384523421e+03 1.773128901838957518e+03
6.319802473484693337e+02 1.821939251445378886e+03 1.778830893462187532e+03
6.322430856151385115e+02 1.814922629006828629e+03 1.784544881390246019e+03
6.325059223345327837e+02 1.860966141706089047e+03 1.790270872106404795e+03
6.327687575053713545e+02 1.851150509065866117e+03 1.796008872054567291e+03
6.330315911263733142e+02 1.853233134515171741e+03 1.801758887639224440e+03
6.332944231962586628e+02 1.823340302446081296e+03 1.807520925225451037e+03
6.335572537137466043e+02 1.805888278509295560e+03 1.813294991138846626e+03
6.338200826775560017e+02 1.859369350023473771e+03 1.819081091665493886e+03
6.340829100864068550e+02 1.868883845710372498e+03 1.824879233051991605e+03
6.343457359390183683e+02 1.878992048417676642e+03 1.830689421505357586e+03
6.346085602341102003e+02 1.833225977243922898e+03 1.836511663193046161e+03
6.348713829704014415e+02 1.851429607271841405e+03 1.842345964242892251e+03
6.351342041466115234e+02 1.876929825846220638e+03 1.848192330743093407e+03
6.353970237614606731e+02 1.884793467696442576e+03 1.854050768742211403e+03
6.356598418136672990e+02 1.863077538722076724e+03 1.859921284249074233e+03
6.359226583019518557e+02 1.882775774856653925e+03 1.865803883232847284e+03
6.361854732250334337e+02 1.891498161669217097e+03 1.871698571622902818e+03
6.364482865816316917e+02 1.901179141465996963e+03 1.877605355308885919e+03
6.367110983704662885e+02 1.890444516866577260e+03 1.883524240140622396e+03
6.369739085902567695e+02 1.937821656537360695e+03 1.889455231928129933e+03
6.372367172397224522e+02 1.903094019125893055e+03 1.895398336441591482e+03
6.374995243175832229e+02 1.921234974456837790e+03 1.901353559411302285e+03
6.377623298225587405e+02 1.922765106211279999e+03 1.907320906527685111e+03
6.380251337533685501e+02 1.939673761722363452e+03 1.913300383441240683e+03
6.382879361087323105e+02 1.944770925057165186e+03 1.919291995762531542e+03
6.385507368873696805e+02 1.957989245677093322e+03 1.925295749062162486e+03
6.388135360880006601e+02 1.906353106018546669e+03 1.931311648870744648e+03
6.390763337093446808e+02 1.904696687900203187e+03 1.937339700678885492e+03
6.393391297501214012e+02 1.929554172713043499e+03 1.943379909937171078e+03
6.396019242090507078e+02 1.957116752462751947e+03 1.949432282056123313e+03
6.398647170848521455e+02 1.959565872167618863e+03 1.955496822406199044e+03
6.401275083762460554e+02 1.948322035395234934e+03 1.961573536317776188e+03
6.403902980819516415e+02 1.979451497465920511e+03 1.967662429081097343e+03
6.406530862006889038e+02 1.942847553171208801e+03 1.973763505946265923e+03
6.409158727311777284e+02 1.974802591375247175e+03 1.979876772123251612e+03
6.411786576721380015e+02 2.020816820952524949e+03 1.986002232781847169e+03
6.414414410222891547e+02 1.965993973391232885e+03 1.992139893051633862e+03
6.417042227803518699e+02 1.973852544620114713e+03 1.998289758021998523e+03
6.419670029450455786e+02 2.004414738167394944e+03 2.004451832742085116e+03
6.422297815150900533e+02 2.015661702753366853e+03 2.010626122220787238e+03
6.424925584892052939e+02 2.006870465374833429e+03 2.016812631426731969e+03
6.427553338661114140e+02 2.016186075318434632e+03 2.023011365288264642e+03
6.430181076445282997e+02 2.020134101277687932e+03 2.029222328693424743e+03
6.432808798231758374e+02 2.033615394426522926e+03 2.035445526489924305e+03
6.435436504007742542e+02 2.049730677636418022e+03 2.041680963485147458e+03
6.438064193760432090e+02 2.042010824658498223e+03 2.047928644446108592e+03
6.440691867477028154e+02 2.058339382930841566e+03 2.054188574099466678e+03
6.443319525144734143e+02 2.064999739744480848e+03 2.060460757131490027e+03
6.445947166750750057e+02 2.069041400520587104e+03 2.066745198188048562e+03
6.448574792282272483e+02 2.081990671263450622e+03 2.073041901874581072e+03
6.451202401726507105e+02 2.076781961672825673e+03 2.079350872756104309e+03
6.453829995070652785e+02 2.082986209779060573e+03 2.085672115357192524e+03
6.456457572301909522e+02 2.103202726220105887e+03 2.092005634161942453e+03
6.459085133407481862e+02 2.090466209839100429e+03 2.098351433613991503e+03
6.461712678374569805e+02 2.114343927501595317e+03 2.104709518116492745e+03
6.464340207190376759e+02 2.141037917710769761e+03 2.111079892032078078e+03
6.466967719842101587e+02 2.122366516395105464e+03 2.117462559682873689e+03
6.469595216316948836e+02 2.160988198663549156e+03 2.123857525350493233e+03
6.472222696602117367e+02 2.159679924544025653e+03 2.130264793275966440e+03
6.474850160684815137e+02 2.202365414230764600e+03 2.136684367659835061e+03
6.477477608552241009e+02 2.219171927497456636e+03 2.143116252662021452e+03
6.480105040191600665e+02 2.230135733245296251e+03 2.149560452401902694e+03
6.482732455590092968e+02 2.240979128643971762e+03 2.156016970958256479e+03
6.485359854734922465e+02 2.252265170774998751e+03 2.162485812369269297e+03
6.487987237613295974e+02 2.197961238338148178e+03 2.168966980632527793e+03
6.490614604212412360e+02 2.185528717143957692e+03 2.175460479704986028e+03
6.493241954519477304e+02 2.168317163094872285e+03 2.181966313502977300e+03
6.495869288521695353e+02 2.167015913318153252e+03 2.188484485902209599e+03
6.498496606206269917e+02 2.206811496924588027e+03 2.195015000737722858e+03
6.501123907560405542e+02 2.187024526441369289e+03 2.201557861803917149e+03
6.503751192571306774e+02 2.255797673876092631e+03 2.208113072854529491e+03
6.506378461226177023e+02 2.263395698989362700e+03 2.214680637602616571e+03
6.509005713512219700e+02 2.245862661288034815e+03 2.221260559720565197e+03
6.511632949416643896e+02 2.282170409232925522e+03 2.227852842840074118e+03
6.514260168926650749e+02 2.287642873874433462e+03 2.234457490552127183e+03
6.516887372029450489e+02 2.328359515964765251e+03 2.241074506407056106e+03
6.519514558712240841e+02 2.293899952756195944e+03 2.247703893914418131e+03
6.522141728962234311e+02 2.258856494832644785e+03 2.254345656543111545e+03
6.524768882766634306e+02 2.327668706776590625e+03 2.260999797721293362e+03
6.527396020112646511e+02 2.344103775732985014e+03 2.267666320836391606e+03
6.530023140987477746e+02 2.327061870086075942e+03 2.274345229235105307e+03
6.532650245378332556e+02 2.313337717214406894e+03 2.281036526223388591e+03
6.535277333272420037e+02 2.376916468808944501e+03 2.287740215066477049e+03
6.537904404656944735e+02 2.330872133705961460e+03 2.294456298988838626e+03
6.540531459519118016e+02 2.375575955770770634e+03 2.301184781174202726e+03
6.543158497846138744e+02 2.355010269345224060e+03 2.307925664765530200e+03
6.545785519625220559e+02 2.349482267520797450e+03 2.314678952865040628e+03
6.548412524843568008e+02 2.403927037997361822e+03 2.321444648534176395e+03
6.551039513488391322e+02 2.365253946163985347e+03 2.328222754793646345e+03
6.553666485546897320e+02 2.402795337850897795e+03 2.335013274623349844e+03
6.556293441006291687e+02 2.365449338944070405e+03 2.341816210962446803e+03
6.558920379853784652e+02 2.399520207793814279e+03 2.348631566709317212e+03
6.561547302076584174e+02 2.406128971664022174e+03 2.355459344721558864e+03
6.564174207661898208e+02 2.406919838266272563e+03 2.362299547816021459e+03
6.566801096596934713e+02 2.379127559632693192e+03 2.369152178768739759e+03
6.569427968868906191e+02 2.400416690212018693e+03 2.376017240315017261e+03
6.572054824465019465e+02 2.435224818382801004e+03 2.382894735149345706e+03
6.574681663372482490e+02 2.400873434636608636e+03 2.389784665925445097e+03
6.577308485578503223e+02 2.433716972763522335e+03 2.396687035256256422e+03
6.579935291070296444e+02 2.416181959301497500e+03 2.403601845713978037e+03
6.582562079835070108e+02 2.423176961113560992e+03 2.410529099829983352e+03
6.585188851860033310e+02 2.430997901341140278e+03 2.417468800094893140e+03
6.587815607132394007e+02 2.480992679490768296e+03 2.424420948958540976e+03
6.590442345639364703e+02 2.449222147068352115e+03 2.431385548830013704e+03
6.593069067368157903e+02 2.450415067879449907e+03 2.438362602077601878e+03
6.595695772305981563e+02 2.483330704117247024e+03 2.445352111028845684e+03
6.598322460440045916e+02 2.460336613063689128e+03 2.452354077970495382e+03
6.600949131757565738e+02 2.468100614844785014e+03 2.459368505148557233e+03
6.603575786245750123e+02 2.473746856963277878e+03 2.466395394768270307e+03
6.606202423891809303e+02 2.477751658254373524e+03 2.473434748994108759e+03
6.608829044682955782e+02 2.476092308371305535e+03 2.480486569949805471e+03
6.611455648606402065e+02 2.482149436034184873e+03 2.487550859718326137e+03
6.614082235649361792e+02 2.504680334263081022e+03 2.494627620341912916e+03
6.616708805799042921e+02 2.506096780608385416e+03 2.501716853822037137e+03
6.619335359042660230e+02 2.509801816112292272e+03 2.508818562119458420e+03
6.621961895367426223e+02 2.510920553652214949e+03 2.515932747154191475e+03
6.624588414760554542e+02 2.532750279501368823e+03 2.523059410805524749e+03
6.627214917209257692e+02 2.536998754725292656e+03 2.530198554912037707e+03
6.629841402700747039e+02 2.535683999919250709e+03 2.537350181271567180e+03
6.632467871222237363e+02 2.551413508726348482e+03 2.544514291641261480e+03
6.635094322760943442e+02 2.510956185784210902e+03 2.551690887737569938e+03
6.637720757304076642e+02 2.595713271910586627e+03 2.558879971236218807e+03
6.640347174838851743e+02 2.564226737696647888e+03 2.566081543772286295e+03
6.642973575352483522e+02 2.577668973060787266e+03 2.573295606940129346e+03
6.645599958832185621e+02 2.598862410477810045e+03 2.580522162293443216e+03
6.648226325265175092e+02 2.572768131182249363e+03 2.587761211345277843e+03
6.650852674638661028e+02 2.599756366318059463e+03 2.595012755567983277e+03
6.653479006939861620e+02 2.613134201240426137e+03 2.602276796393297900e+03
6.656105322155992781e+02 2.580726177454106164e+03 2.609553335212290222e+03
6.658731620274271563e+02 2.581771260154164338e+03 2.616842373375432544e+03
6.661357901281907061e+02 2.619880514362039321e+03 2.624143912192515927e+03
6.663984165166117464e+02 2.642854618286963614e+03 2.631457952932765238e+03
6.666610411914123233e+02 2.624626157767679615e+03 2.638784496824801863e+03
6.669236641513135737e+02 2.629298711346573782e+03 2.646123545056622788e+03
6.671862853950373164e+02 2.651774228382090314e+03 2.653475098775673814e+03
6.674489049213048020e+02 2.664839230472628060e+03 2.660839159088783617e+03
6.677115227288384176e+02 2.676701313591376220e+03 2.668215727062274709e+03
6.679741388163591864e+02 2.681822281128482700e+03 2.675604803721878852e+03
6.682367531825892684e+02 2.691877068583833079e+03 2.683006390052798452e+03
6.684993658262499139e+02 2.686723286889443443e+03 2.690420486999712921e+03
6.687619767460633966e+02 2.697703473141983068e+03 2.697847095466779137e+03
6.690245859407509670e+02 2.729711018615035755e+03 2.705286216317656908e+03
6.692871934090346713e+02 2.709116294891001417e+03 2.712737850375502603e+03
6.695497991496365557e+02 2.729679473716164921e+03 2.720201998423031455e+03
6.698124031612779845e+02 2.703387316527364874e+03 2.727678661202439343e+03
6.700750054426810038e+02 2.748722929855878647e+03 2.735167839415504204e+03
6.703376059925674326e+02 2.773294803369102738e+03 2.742669533723559198e+03
6.706002048096592034e+02 2.739400952420596695e+03 2.750183744747519995e+03
6.708628018926783625e+02 2.754191500629212442e+03 2.757710473067870680e+03
6.711253972403462740e+02 2.770509660010512107e+03 2.765249719224709224e+03
6.713879908513856662e+02 2.788063195076664215e+03 2.772801483717783867e+03
6.716505827245177898e+02 2.787144449361082479e+03 2.780365767006424448e+03
6.719131728584651455e+02 2.819043905483390517e+03 2.787942569509647001e+03
6.721757612519495524e+02 2.809389918914694135e+03 2.795531891606119189e+03
6.724383479036928293e+02 2.791008202479413740e+03 2.803133733634186228e+03
6.727009328124172498e+02 2.827417708525611033e+03 2.810748095891890443e+03
6.729635159768448602e+02 2.844904788664369789e+03 2.818374978636997639e+03
6.732260973956974794e+02 2.857908534281647917e+03 2.826014382086978458e+03
6.734886770676976084e+02 2.851852418122220115e+03 2.833666306419088414e+03
6.737512549915670661e+02 2.848147715486126344e+03 2.841330751770302868e+03
6.740138311660281261e+02 2.880046796576661563e+03 2.849007718237406152e+03
6.742764055898030620e+02 2.883853133182386955e+03 2.856697205876968837e+03
6.745389782616139200e+02 2.910809387956808223e+03 2.864399214705384566e+03
6.748015491801828603e+02 2.876735685038575866e+03 2.872113744698868231e+03
6.750641183442321562e+02 2.882508755423416460e+03 2.879840795793497819e+03
6.753266857524841953e+02 2.907768319848079500e+03 2.887580367885213946e+03
6.755892514036609100e+02 2.927660626285614399e+03 2.895332460829847150e+03
6.758518152964845740e+02 2.921726364154960720e+03 2.903097074443140627e+03
6.761143774296782567e+02 2.932250290023473553e+03 2.910874208500781606e+03
6.763769378019632086e+02 2.949167185511032585e+03 2.918663862738361331e+03
6.766394964120624991e+02 2.951047428656576813e+03 2.926466036851474655e+03
6.769020532586982881e+02 2.992360920098174120e+03 2.934280730495697298e+03
6.771646083405929630e+02 2.975508227747524870e+03 2.942107943286601312e+03
6.774271616564689111e+02 2.975270013974454287e+03 2.949947674799801462e+03
6.776897132050485197e+02 2.951316597492583242e+03 2.957799924570937037e+03
6.779522629850544035e+02 2.973489775024838309e+03 2.965664692095755072e+03
6.782148109952090635e+02 2.980420004374121618e+03 2.973541976830067597e+03
6.784773572342346597e+02 3.009662731780581453e+03 2.981431778189796660e+03
6.787399017008538067e+02 2.981664988988010919e+03 2.989334095550999791e+03
6.790024443937891192e+02 3.012559106479538514e+03 2.997248928249917753e+03
6.792649853117634393e+02 3.037004784357574408e+03 3.005176275582960443e+03
6.795275244534988133e+02 3.049101803677084263e+03 3.013116136806710983e+03
6.797900618177184242e+02 3.021617779371672896e+03 3.021068511138013491e+03
6.800525974031443184e+02 3.028030462107652511e+03 3.029033397753928966e+03
6.803151312084994515e+02 3.018474833723452775e+03 3.037010795791815326e+03
6.805776632325062110e+02 3.056411960840648590e+03 3.045000704349308762e+03
6.808401934738877799e+02 3.078952618977640668e+03 3.053003122484386950e+03
6.811027219313664318e+02 3.050878471547693152e+03 3.061018049215322662e+03
6.813652486036648952e+02 3.101894406264459121e+03 3.069045483520812013e+03
6.816277734895062395e+02 3.090963207330490604e+03 3.077085424339910787e+03
6.818902965876129656e+02 3.067505009431438793e+03 3.085137870572092652e+03
6.821528178967078020e+02 3.095066736438054704e+03 3.093202821077269618e+03
6.824153374155137044e+02 3.085042743780938508e+03 3.101280274675835244e+03
6.826778551427536286e+02 3.097372310405499775e+03 3.109370230148668725e+03
6.829403710771500755e+02 3.091446302161238236e+03 3.117472686237145808e+03
6.832028852174261147e+02 3.135839711263419304e+03 3.125587641643212010e+03
6.834653975623045881e+02 3.148387292787782371e+03 3.133715095029388522e+03
6.837279081105089062e+02 3.149454274634863395e+03 3.141855045018766305e+03
6.839904168607612291e+02 3.141885736291546436e+03 3.150007490195059290e+03
6.842529238117846262e+02 3.129500654849385228e+03 3.158172429102645310e+03
6.845154289623026216e+02 3.123345820038729926e+03 3.166349860246582921e+03
6.847779323110377163e+02 3.172464407313823358e+03 3.174539782092619589e+03
6.850404338567133209e+02 3.149615083954243801e+03 3.182742193067246717e+03
6.853029335980521637e+02 3.168367076078749506e+03 3.190957091557703734e+03
6.855654315337774278e+02 3.142100279181911446e+03 3.199184475912019479e+03
6.858279276626119554e+02 3.170262329391428921e+03 3.207424344439030847e+03
6.860904219832792705e+02 3.210166890873658758e+03 3.215676695408443720e+03
6.863529144945023290e+02 3.158097023817711943e+03 3.223941527050817513e+03
6.866154051950042003e+02 3.174736897701148791e+03 3.232218837557612460e+03
6.868778940835082949e+02 3.227332979559753767e+03 3.240508625081221453e+03
6.871403811587376822e+02 3.219209888131228126e+03 3.248810887735000961e+03
6.874028664194153180e+02 3.226122162787926754e+03 3.257125623593292858e+03
6.876653498642646127e+02 3.236645878013197489e+03 3.265452830691461259e+03
6.879278314920090907e+02 3.254837040845127831e+03 3.273792507025913437e+03
6.881903113013718212e+02 3.252846056226110704e+03 3.282144650554139389e+03
6.884527892910763285e+02 3.235465330191284465e+03 3.290509259194770038e+03
6.887152654598454546e+02 3.232143657933585928e+03 3.298886330827496749e+03
6.889777398064028375e+02 3.276090058089785543e+03 3.307275863293257771e+03
6.892402123294718876e+02 3.284976520616721245e+03 3.315677854394177302e+03
6.895026830277759018e+02 3.269837950944804106e+03 3.324092301893590957e+03
6.897651519000384042e+02 3.272862032073235696e+03 3.332519203516119433e+03
6.900276189449829189e+02 3.312667247476706052e+03 3.340958556947686247e+03
6.902900841613327430e+02 3.301042597977742844e+03 3.349410359835513646e+03
6.905525475478112867e+02 3.309643840525292489e+03 3.357874609788217640e+03
6.908150091031420743e+02 3.345889131992206330e+03 3.366351304375794371e+03
6.910774688260489711e+02 3.307896754729926215e+03 3.374840441129673309e+03
6.913399267152550465e+02 3.339813517587151637e+03 3.383342017542719077e+03
6.916023827694842794e+02 3.331045031299561742e+03 3.391856031069329219e+03
6.918648369874599666e+02 3.311243522999693141e+03 3.400382479125391001e+03
6.921272893679058598e+02 3.306657524554038901e+03 3.408921359088374174e+03
6.923897399095457104e+02 3.360910893853427751e+03 3.417472668297330074e+03
6.926521886111030426e+02 3.366622453395524644e+03 3.426036404052942544e+03
6.929146354713014944e+02 3.366215466699668923e+03 3.434612563617542492e+03
6.931770804888649309e+02 3.436557534583556844e+03 3.443201144215182921e+03
6.934395236625167627e+02 3.418598317667463562e+03 3.451802143031611649e+03
6.937019649909811960e+02 3.419212032772995826e+03 3.460415557214380897e+03
6.939644044729817551e+02 3.447792618028156994e+03 3.469041383872808183e+03
6.942268421072421916e+02 3.435706365299432036e+03 3.477679620078054995e+03
6.944892778924864842e+02 3.458359458676196937e+03 3.486330262863173175e+03
6.947517118274384984e+02 3.434953719719290802e+03 3.494993309223082633e+03
6.950141439108217583e+02 3.492056337982177411e+03 3.503668756114678672e+03
6.952765741413605838e+02 3.479899392443549914e+03 3.512356600456813794e+03
6.955390025177784992e+02 3.473650955493139463e+03 3.521056839130356821e+03
6.958014290387997107e+02 3.530104801994967602e+03 3.529769468978232453e+03
6.960638537031481974e+02 3.515093337471934774e+03 3.538494486805455836e+03
6.963262765095480518e+02 3.510853316363121849e+03 3.547231889379161657e+03
6.965886974567226844e+02 3.536323347545765500e+03 3.555981673428604608e+03
6.968511165433967562e+02 3.559105218974781565e+03 3.564743835645312629e+03
6.971135337682941326e+02 3.541779680230626127e+03 3.573518372682984591e+03
6.973759491301385651e+02 3.588039024891453209e+03 3.582305281157618538e+03
6.976383626276547147e+02 3.631816464871479184e+03 3.591104557647517140e+03
6.979007742595662194e+02 3.601132412318116621e+03 3.599916198693323167e+03
6.981631840245972853e+02 3.630006910093883107e+03 3.608740200798082697e+03
6.984255919214724599e+02 3.625238993719104201e+03 3.617576560427252389e+03
6.986879979489154948e+02 3.651498017214145875e+03 3.626425274008761335e+03
6.989504021056509373e+02 3.635846018252265367e+03 3.635286337933016512e+03
6.992128043904028800e+02 3.677888472668847498e+03 3.644159748552981910e+03
6.994752048018953019e+02 3.683603547005857763e+03 3.653045502184202633e+03
6.997376033388532051e+02 3.651627545553744767e+03 3.661943595104849919e+03
7.000000000000000000e+02 3.696686420664798788e+03 3.670854023555716140e+03
7.002623947840608025e+02 3.688566462834097365e+03 3.679776783740337123e+03
7.005247876897594779e+02 3.700568543104140645e+03 3.688711871824959417e+03
7.007871787158205734e+02 3.711662936916250601e+03 3.697659283938606677e+03
7.010495678609682955e+02 3.734990949010517852e+03 3.706619016173113323e+03
7.013119551239275324e+02 3.717207983465214966e+03 3.715591064583210027e+03
7.015743405034220359e+02 3.745998319169239039e+03 3.724575425186470966e+03
7.018367239981770354e+02 3.787264478333477655e+03 3.733572093963462521e+03
7.020991056069166234e+02 3.805679118932282563e+03 3.742581066857689166e+03
7.023614853283652337e+02 3.790636225126454974e+03 3.751602339775696237e+03
7.026238631612476411e+02 3.819127612127990233e+03 3.760635908587084032e+03
7.028862391042882791e+02 3.825768032454419426e+03 3.769681769124553284e+03
7.031486131562119226e+02 3.800510315832342712e+03 3.778739917183977013e+03
7.034109853157428915e+02 3.829634354258885651e+03 3.787810348524373239e+03
7.036733555816058470e+02 3.905723456988481303e+03 3.796893058868026856e+03
7.039357239525256773e+02 3.817887089970145098e+03 3.805988043900469165e+03
7.041980904272267026e+02 3.861091986301278212e+03 3.815095299270549731e+03
7.044604550044343796e+02 3.850927366694599641e+03 3.824214820590504587e+03
7.047228176828724600e+02 3.892638516739038550e+03 3.833346603435903944e+03
7.049851784612664005e+02 3.857534644755100089e+03 3.842490643345828175e+03
7.052475373383407486e+02 3.895097420854519896e+03 3.851646935822798241e+03
7.055098943128202791e+02 3.929494965641078579e+03 3.860815476332878461e+03
7.057722493834298803e+02 3.957320288350417286e+03 3.869996260305712440e+03
7.060346025488944406e+02 3.909068358400968009e+03 3.879189283134542620e+03
7.062969538079386211e+02 3.929814598838876464e+03 3.888394540176284863e+03
7.065593031592877651e+02 3.916424866372548422e+03 3.897612026751556641e+03
7.068216506016663061e+02 3.931413185920705928e+03 3.906841738144693863e+03
7.070839961337994737e+02 3.982171338139119143e+03 3.916083669603864564e+03
7.073463397544119289e+02 3.962956578429044839e+03 3.925337816341035705e+03
7.076086814622291286e+02 3.920101456997011155e+03 3.934604173532105960e+03
7.078710212559760748e+02 3.954607648774285735e+03 3.943882736316838418e+03
7.081333591343774287e+02 4.022622501849874425e+03 3.953173499798991088e+03
7.083956950961585335e+02 3.955383738113128857e+03 3.962476459046354194e+03
7.086580291400441638e+02 4.024320224559996404e+03 3.971791609090743805e+03
7.089203612647597765e+02 3.989595013961705263e+03 3.981118944928112796e+03
7.091826914690306012e+02 4.064411860424546830e+03 3.990458461518548575e+03
7.094450197515812988e+02 4.055114889107397175e+03 3.999810153786324463e+03
7.097073461111376673e+02 4.033080424914295691e+03 4.009174016620002476e+03
7.099696705464245952e+02 4.038478977456461962e+03 4.018550044872376475e+03
7.102319930561670844e+02 4.017692821358898982e+03 4.027938233360591312e+03
7.104943136390911604e+02 4.039789646338953389e+03 4.037338576866218318e+03
7.107566322939213705e+02 4.096315130737133586e+03 4.046751070135184364e+03
7.110189490193832853e+02 4.088572281764966192e+03 4.056175707877932837e+03
7.112812638142023616e+02 4.080130844023120972e+03 4.065612484769437287e+03
7.115435766771036015e+02 4.049595295583688312e+03 4.075061395449200973e+03
7.118058876068129166e+02 4.088442462131301454e+03 4.084522434521386913e+03
7.120681966020554228e+02 4.085286935122211617e+03 4.093995596554792428e+03
7.123305036615568042e+02 4.137889097778259384e+03 4.103480876082930990e+03
7.125928087840419494e+02 4.094768532565432906e+03 4.112978267604069515e+03
7.128551119682368835e+02 4.112087153033018694e+03 4.122487765581290660e+03
7.131174132128668361e+02 4.170302111044981757e+03 4.132009364442526930e+03
7.133797125166577189e+02 4.129288757659358453e+03 4.141543058580619800e+03
7.136420098783346475e+02 4.119608910166452006e+03 4.151088842353336076e+03
7.139043052966235336e+02 4.142741422802319903e+03 4.160646710083464313e+03
7.141665987702497205e+02 4.192228364815870009e+03 4.170216656058843000e+03
7.144288902979393470e+02 4.166593451907230701e+03 4.179798674532381483e+03
7.146911798784174152e+02 4.141814287593837435e+03 4.189392759722152732e+03
7.149534675104099506e+02 4.148893658108985619e+03 4.198998905811405166e+03
7.152157531926426373e+02 4.145081586045165750e+03 4.208617106948650871e+03
7.154780369238415005e+02 4.184092340649858670e+03 4.218247357247705622e+03
7.157403187027317699e+02 4.227621564947303341e+03 4.227889650787665232e+03
7.160025985280394707e+02 4.231438183815715092e+03 4.237543981613074720e+03
7.162648763984905145e+02 4.269575363592029134e+03 4.247210343733899208e+03
7.165271523128108129e+02 4.266234679862708617e+03 4.256888731125607592e+03
7.167894262697260501e+02 4.236249767211886137e+03 4.266579137729177091e+03
7.170516982679619105e+02 4.240533294191209279e+03 4.276281557451183289e+03
7.173139683062447602e+02 4.259359995779761448e+03 4.285995984163887442e+03
7.175762363833003974e+02 4.240390516091698373e+03 4.295722411705181003e+03
7.178385024978546198e+02 4.256834320216229571e+03 4.305460833878734775e+03
7.181007666486336802e+02 4.278121448944992153e+03 4.315211244453984364e+03
7.183630288343633765e+02 4.268488519799921050e+03 4.324973637166232947e+03
7.186252890537697340e+02 4.313904440315741340e+03 4.334748005716649459e+03
7.188875473055790053e+02 4.296515839059081372e+03 4.344534343772391367e+03
7.191498035885172158e+02 4.300496470333241632e+03 4.354332644966573753e+03
7.194120579013105043e+02 4.348137527816986221e+03 4.364142902898366629e+03
7.196743102426851237e+02 4.308193465826690044e+03 4.373965111133058599e+03
7.199365606113669855e+02 4.347804307954182150e+03 4.383799263202058683e+03
7.201988090060823424e+02 4.361412139464042411e+03 4.393645352602975436e+03
7.204610554255577881e+02 4.391300844474620135e+03 4.403503372799727003e+03
7.207232998685190068e+02 4.365554331030803951e+03 4.413373317222472906e+03
7.209855423336925924e+02 4.340841690804499194e+03 4.423255179267772291e+03
7.212477828198046836e+02 4.416278109916502217e+03 4.433148952298545737e+03
7.215100213255819881e+02 4.414557123905539811e+03 4.443054629644255328e+03
7.217722578497505310e+02 4.405487512120181236e+03 4.452972204600806435e+03
7.220344923910369062e+02 4.420480282666491803e+03 4.462901670430710510e+03
7.222967249481672525e+02 4.431374572230973172e+03 4.472843020363090545e+03
7.225589555198681637e+02 4.440599117670753913e+03 4.482796247593716544e+03
7.228211841048658926e+02 4.486054842186699716e+03 4.492761345285133757e+03
7.230834107018873738e+02 4.443949628362834119e+03 4.502738306566649044e+03
7.233456353096587463e+02 4.469114091580523564e+03 4.512727124534377253e+03
7.236078579269064903e+02 4.469949273533419728e+03 4.522727792251341270e+03
7.238700785523576542e+02 4.477368727633377603e+03 4.532740302747517489e+03
7.241322971847383769e+02 4.518725723225793445e+03 4.542764649019857643e+03
7.243945138227752523e+02 4.543080372442437692e+03 4.552800824032346100e+03
7.246567284651951013e+02 4.541623118891198828e+03 4.562848820716109913e+03
7.249189411107247452e+02 4.532952535082536997e+03 4.572908631969407907e+03
7.251811517580905502e+02 4.551956222165099462e+03 4.582980250657680699e+03
7.254433604060194511e+02 4.543030585179385525e+03 4.593063669613695311e+03
7.257055670532380418e+02 4.624220399878466196e+03 4.603158881637490595e+03
7.259677716984731433e+02 4.574946612076722886e+03 4.613265879496482739e+03
7.262299743404516903e+02 4.591047416946236808e+03 4.623384655925528023e+03
7.264921749779002766e+02 4.626943122129335279e+03 4.633515203626962830e+03
7.267543736095460645e+02 4.641765840125066461e+03 4.643657515270659133e+03
7.270165702341155338e+02 4.639854919762650752e+03 4.653811583494062688e+03
7.272787648503363016e+02 4.635514020413290382e+03 4.663977400902314912e+03
7.275409574569342794e+02 4.595709561160709200e+03 4.674154960068184664e+03
7.278031480526373116e+02 4.673990232368596480e+03 4.684344253532290168e+03
7.280653366361717644e+02 4.665682865296960699e+03 4.694545273802953488e+03
7.283275232062652549e+02 4.642278686855900560e+03 4.704758013356467927e+03
7.285897077616442630e+02 4.663749985416808158e+03 4.714982464637001613e+03
7.288518903010361782e+02 4.786042516118468484e+03 4.725218620056684813e+03
7.291140708231679355e+02 4.777486961602905467e+03 4.735466471995716347e+03
7.293762493267668106e+02 4.721486857269414031e+03 4.745726012802397236e+03
7.296384258105597382e+02 4.751358773002002636e+03 4.755997234793115240e+03
7.299006002732742218e+02 4.713380809680380480e+03 4.766280130252532217e+03
7.301627727136371959e+02 4.808117151288371133e+03 4.776574691433522275e+03
7.304249431303758229e+02 4.787870470785399448e+03 4.786880910557290008e+03
7.306871115222176059e+02 4.784253218260387257e+03 4.797198779813431429e+03
7.309492778878897070e+02 4.793439611106379743e+03 4.807528291359944888e+03
7.312114422261192885e+02 4.775275087179853472e+03 4.817869437323316561e+03
7.314736045356341947e+02 4.798483874564465623e+03 4.828222209798606855e+03
7.317357648151610192e+02 4.828194307241148636e+03 4.838586600849408569e+03
7.319979230634280611e+02 4.786659469589296350e+03 4.848962602508075179e+03
7.322600792791616868e+02 4.865007055616224534e+03 4.859350206775556217e+03
7.325222334610900816e+02 4.854375181549639819e+03 4.869749405621679216e+03
7.327843856079407487e+02 4.813611678941600985e+03 4.880160190985012377e+03
7.330465357184408504e+02 4.841117964331665462e+03 4.890582554773072843e+03
7.333086837913181171e+02 4.896166731730816537e+03 4.901016488862287588e+03
7.335708298252999384e+02 4.841305205556579494e+03 4.911461985098083460e+03
7.338329738191138176e+02 4.921114210312565774e+03 4.921919035294959031e+03
7.340951157714878264e+02 4.908750093886164905e+03 4.932387631236543712e+03
7.343572556811491268e+02 4.910393733425439677e+03 4.942867764675590479e+03
7.346193935468254494e+02 4.959114383563350202e+03 4.953359427334129578e+03
7.348815293672449798e+02 4.975424575273018490e+03 4.963862610903490349e+03
7.351436631411348799e+02 4.946674677469944982e+03 4.974377307044295776e+03
7.354057948672227667e+02 4.942281231601320542e+03 4.984903507386604360e+03
7.356679245442372803e+02 4.955027266988138763e+03 4.995441203529985614e+03
7.359300521709053555e+02 4.965229559484379024e+03 5.005990387043438204e+03
7.361921777459550640e+02 4.990950531702956141e+03 5.016551049465614597e+03
7.364543012681143637e+02 4.988687906671603741e+03 5.027123182304787406e+03
7.367164227361110989e+02 4.989214910712658821e+03 5.037706777038929431e+03
7.369785421486733412e+02 4.985023049234316204e+03 5.048301825115773681e+03
7.372406595045285940e+02 5.041649674513615537e+03 5.058908317952847028e+03
7.375027748024053835e+02 4.989013930699111370e+03 5.069526246937594806e+03
7.377648880410312131e+02 5.076995083751903621e+03 5.080155603427343522e+03
7.380269992191346091e+02 5.029235202185535854e+03 5.090796378749478208e+03
7.382891083354430748e+02 5.109268437484157403e+03 5.101448564201372392e+03
7.385512153886850228e+02 5.054879747928440338e+03 5.112112151050554530e+03
7.388133203775885249e+02 5.057773296318878238e+03 5.122787130534717107e+03
7.390754233008818801e+02 5.035961763531721772e+03 5.133473493861773022e+03
7.393375241572928189e+02 5.164382574335048957e+03 5.144171232209930167e+03
7.395996229455497541e+02 5.093915535632431784e+03 5.154880336727754184e+03
7.398617196643809848e+02 5.056050702156001535e+03 5.165600798534205751e+03
7.401238143125146962e+02 5.187159452120351489e+03 5.176332608718743359e+03
7.403859068886791874e+02 5.115508890555541257e+03 5.187075758341320579e+03
7.406479973916027575e+02 5.142726132045356280e+03 5.197830238432521583e+03
7.409100858200135917e+02 5.161174060598970755e+03 5.208596039993529303e+03
7.411721721726403302e+02 5.200669579179289030e+03 5.219373153996298242e+03
7.414342564482111584e+02 5.166217424638227385e+03 5.230161571383488990e+03
7.416963386454546026e+02 5.175597445721711665e+03 5.240961283068641933e+03
7.419584187630990755e+02 5.222282318646050044e+03 5.251772279936168161e+03
7.422204967998727625e+02 5.244126892098885946e+03 5.262594552841414952e+03
7.424825727545047584e+02 5.237029848758445951e+03 5.273428092610805834e+03
7.427446466257231350e+02 5.250959802421953100e+03 5.284272890041740538e+03
7.430067184122566459e+02 5.202106856936431541e+03 5.295128935902842386e+03
7.432687881128337040e+02 5.314462514764793923e+03 5.305996220933857330e+03
7.435308557261830629e+02 5.270643799279856466e+03 5.316874735845825853e+03
7.437929212510333628e+02 5.262961396937944301e+03 5.327764471321112978e+03
7.440549846861132437e+02 5.302953412262771963e+03 5.338665418013417366e+03
7.443170460301513458e+02 5.267272921916836822e+03 5.349577566547926835e+03
7.445791052818768776e+02 5.365280756874088183e+03 5.360500907521302906e+03
7.448411624400177971e+02 5.316144171187043867e+03 5.371435431501732637e+03
7.451032175033035401e+02 5.321892521776786452e+03 5.382381129029093245e+03
7.453652704704622920e+02 5.338760169333093472e+03 5.393337990614881164e+03
7.456273213402236024e+02 5.320811190790642286e+03 5.404306006742393947e+03
7.458893701113161114e+02 5.337289004070727970e+03 5.415285167866691154e+03
7.461514167824683454e+02 5.410971265360069083e+03 5.426275464414711678e+03
7.464134613524099677e+02 5.334356754141855163e+03 5.437276886785354691e+03
7.466755038198690499e+02 5.424645225627377840e+03 5.448289425349423254e+03
7.469375441835752554e+02 5.400485356889364994e+03 5.459313070449868974e+03
7.471995824422572241e+02 5.397304188046859963e+03 5.470347812401699230e+03
7.474616185946443920e+02 5.400743775478476891e+03 5.481393641492138158e+03
7.477236526394655129e+02 5.447605039299000964e+03 5.492450547980595729e+03
7.479856845754496817e+02 5.478404641693033227e+03 5.503518522098812355e+03
7.482477144013259931e+02 5.453496786242797498e+03 5.514597554050888903e+03
7.485097421158241104e+02 5.417768926571783595e+03 5.525687634013364914e+03
7.487717677176726738e+02 5.476297474009907091e+03 5.536788752135220420e+03
7.490337912056012328e+02 5.513953593676813398e+03 5.547900898538033289e+03
7.492958125783387686e+02 5.486635786732953420e+03 5.559024063315941930e+03
7.495578318346148308e+02 5.486779142035815312e+03 5.570158236535813558e+03
7.498198489731585141e+02 5.523653930495979694e+03 5.581303408237189615e+03
7.500818639926992546e+02 5.533197166127021774e+03 5.592459568432448577e+03
7.503438768919663744e+02 5.562185031091183191e+03 5.603626707106815957e+03
7.506058876696893094e+02 5.535455327255253906e+03 5.614804814218454339e+03
7.508678963245974955e+02 5.582774091953256175e+03 5.625993879698464298e+03
7.511299028554205961e+02 5.572319713217842946e+03 5.637193893451076292e+03
7.513919072608875922e+02 5.582906183411180791e+03 5.648404845353551536e+03
7.516539095397283745e+02 5.620749299526913092e+03 5.659626725256349346e+03
7.519159096906723789e+02 5.607428985475382433e+03 5.670859522983182615e+03
7.521779077124491550e+02 5.641526857294254114e+03 5.682103228331043283e+03
7.524399036037884798e+02 5.700628906797595846e+03 5.693357831070299653e+03
7.527018973634196755e+02 5.611763060381777905e+03 5.704623320944740044e+03
7.529638889900728600e+02 5.609787692810505177e+03 5.715899687671620086e+03
7.532258784824772420e+02 5.721990362914937577e+03 5.727186920941774588e+03
7.534878658393628257e+02 5.662715627289074291e+03 5.738485010419623904e+03
7.537498510594591608e+02 5.720027215772826821e+03 5.749793945743300355e+03
7.540118341414963652e+02 5.709864392589449380e+03 5.761113716524657320e+03
7.542738150842041023e+02 5.743861159650246009e+03 5.772444312349341089e+03
7.545357938863119216e+02 5.775354182866933115e+03 5.783785722776874536e+03
7.547977705465502822e+02 5.807334926427451137e+03 5.795137937340729877e+03
7.550597450636485064e+02 5.764987396079599421e+03 5.806500945548325944e+03
7.553217174363367121e+02 5.799972686540958421e+03 5.817874736881170065e+03
7.555836876633449037e+02 5.760861100017697936e+03 5.829259300794921728e+03
7.558456557434029719e+02 5.796729758532726009e+03 5.840654626719337102e+03
7.561076216752413757e+02 5.839884913891432916e+03 5.852060704058524607e+03
7.563695854575896647e+02 5.822602243019079651e+03 5.863477522190820309e+03
7.566315470891781843e+02 5.872765976126882379e+03 5.874905070468978920e+03
7.568935065687367114e+02 5.887234737401863640e+03 5.886343338220156511e+03
7.571554638949955915e+02 5.858136857796359436e+03 5.897792314746074226e+03
7.574174190666852837e+02 5.862791098925140432e+03 5.909251989322972804e+03
7.576793720825357923e+02 5.915775547408828970e+03 5.920722351201727179e+03
7.579413229412771216e+02 5.877673652486753781e+03 5.932203389607893769e+03
7.582032716416397307e+02 5.955326192799411729e+03 5.943695093741828714e+03
7.584652181823538513e+02 5.951483734359338087e+03 5.955197452778669685e+03
7.587271625621497151e+02 5.879229449052504606e+03 5.966710455868467761e+03
7.589891047797582360e+02 5.920430749622594703e+03 5.978234092136240179e+03
7.592510448339089635e+02 5.833845293386641970e+03 5.989768350681947595e+03
7.595129827233330388e+02 5.944942256429873851e+03 6.001313220580695088e+03
7.597749184467603527e+02 5.941542909470298582e+03 6.012868690882686678e+03
7.600368520029214778e+02 6.011722633280377522e+03 6.024434750613371762e+03
7.602987833905472144e+02 5.984684552811124377e+03 6.036011388773454200e+03
7.605607126083679077e+02 5.977150578626068636e+03 6.047598594338979638e+03
7.608226396551141306e+02 5.971611659158722432e+03 6.059196356261365509e+03
7.610845645295165696e+02 5.990857133775622970e+03 6.070804663467536557e+03
7.613464872303057973e+02 6.011814725006192930e+03 6.082423504859902096e+03
7.616084077562125003e+02 5.993736368636027692e+03 6.094052869316492433e+03
7.618703261059672514e+02 6.041224154398074461e+03 6.105692745690987977e+03
7.621322422783007369e+02 5.948635573254269730e+03 6.117343122812770162e+03
7.623941562719439844e+02 6.055258580658157371e+03 6.129003989487066065e+03
7.626560680856273393e+02 6.098587756652141252e+03 6.140675334494883828e+03
7.629179777180821702e+02 6.118423579522013824e+03 6.152357146593173638e+03
7.631798851680387088e+02 6.141783659072684713e+03 6.164049414514869568e+03
7.634417904342286647e+02 6.118368267927630768e+03 6.175752126968974153e+03
7.637036935153819286e+02 6.120862961911538150e+03 6.187465272640522926e+03
7.639655944102299827e+02 6.132913391484530621e+03 6.199188840190817245e+03
7.642274931175038546e+02 6.084937144342326974e+03 6.210922818257346080e+03
7.644893896359345717e+02 6.098155130244070278e+03 6.222667195453909699e+03
7.647512839642528206e+02 6.169322182198258815e+03 6.234421960370648776e+03
7.650131761011898561e+02 6.118381520118235130e+03 6.246187101574181725e+03
7.652750660454769331e+02 6.093504381482702229e+03 6.257962607607630162e+03
7.655369537958448518e+02 6.209443496262537337e+03 6.269748466990625275e+03
7.657988393510250944e+02 6.239299270373375293e+03 6.281544668219465166e+03
7.660607227097485747e+02 6.255598020955083484e+03 6.293351199767130311e+03
7.663226038707463204e+02 6.297822787716327184e+03 6.305168050083328126e+03
7.665844828327503819e+02 6.171048208056685326e+03 6.316995207594663043e+03
7.668463595944911049e+02 6.237848779257849856e+03 6.328832660704533737e+03
7.671082341547006536e+02 6.154209045007402892e+03 6.340680397793387783e+03
7.673701065121094871e+02 6.230486928039528721e+03 6.352538407218594330e+03
7.676319766654496561e+02 6.202588127820688896e+03 6.364406677314657827e+03
7.678938446134523019e+02 6.223661593147870917e+03 6.376285196393234401e+03
7.681557103548487930e+02 6.279546334654528437e+03 6.388173952743162772e+03
7.684175738883706117e+02 6.283273938518786963e+03 6.400072934630550662e+03
7.686794352127495813e+02 6.273610191969995867e+03 6.411982130298946686e+03
7.689412943267166156e+02 6.386297075258143195e+03 6.423901527969132076e+03
7.692031512290039927e+02 6.315527700097119123e+03 6.435831115839532686e+03
7.694650059183428539e+02 6.341015658004637771e+03 6.447770882086000711e+03
7.697268583934647950e+02 6.333767846341860604e+03 6.459720814862024781e+03
7.699887086531016394e+02 6.317283907886586348e+03 6.471680902298786350e+03
7.702505566959850967e+02 6.367525299416026428e+03 6.483651132505156056e+03
7.705124025208468765e+02 6.326799371284730114e+03 6.495631493567835605e+03
7.707742461264182339e+02 6.372352817954703823e+03 6.507621973551357769e+03
7.710360875114319015e+02 6.372162638278442500e+03 6.519622560498237362e+03
7.712979266746190206e+02 6.372121178525608229e+03 6.531633242428925769e+03
7.715597636147116418e+02 6.401573385729334404e+03 6.543654007341962824e+03
7.718215983304411338e+02 6.431436390803723953e+03 6.555684843213973181e+03
7.720834308205403431e+02 6.481633015807617085e+03 6.567725737999867306e+03
7.723452610837407519e+02 6.471102834937918487e+03 6.579776679632712330e+03
7.726070891187739562e+02 6.468922915734311573e+03 6.591837656023921227e+03
7.728689149243725751e+02 6.438736478125304529e+03 6.603908655063312835e+03
7.731307384992683183e+02 6.468637064849849594e+03 6.615989664619150062e+03
7.733925598421934637e+02 6.585879150465625571e+03 6.628080672538212639e+03
7.736543789518797212e+02 6.472977489613379475e+03 6.640181666645830774e+03
7.739161958270595960e+02 6.533867978984525507e+03 6.652292634746037038e+03
7.741780104664650253e+02 6.553776610767931743e+03 6.664413564621539990e+03
7.744398228688285144e+02 6.549607009859685604e+03 6.676544444033829677e+03
7.747016330328818867e+02 6.567626966503165931e+03 6.688685260723212195e+03
7.749634409573576477e+02 6.587622970930973679e+03 6.700836002408967943e+03
7.752252466409880753e+02 6.639773570360315716e+03 6.712996656789322515e+03
7.754870500825055615e+02 6.691953414784573397e+03 6.725167211541503093e+03
7.757488512806421568e+02 6.658222869942954276e+03 6.737347654321887603e+03
7.760106502341307078e+02 6.613912097211389664e+03 6.749537972766008352e+03
7.762724469417034925e+02 6.711654344301319725e+03 6.761738154488630244e+03
7.765342414020925617e+02 6.640234373759476512e+03 6.773948187083788980e+03
7.767960336140308755e+02 6.692955223265015775e+03 6.786168058124978415e+03
7.770578235762505983e+02 6.655511876047780788e+03 6.798397755165005947e+03
7.773196112874846904e+02 6.707294378736216458e+03 6.810637265736265363e+03
7.775813967464652023e+02 6.777875476213515867e+03 6.822886577350681364e+03
7.778431799519254355e+02 6.816298989576425811e+03 6.835145677499801423e+03
7.781049609025976679e+02 6.807723506738047035e+03 6.847414553654869451e+03
7.783667395972142913e+02 6.759570089830239340e+03 6.859693193266879462e+03
7.786285160345087206e+02 6.763462834744846077e+03 6.871981583766684707e+03
7.788902902132131203e+02 6.777742891741727362e+03 6.884279712564980400e+03
7.791520621320603368e+02 6.732184029348669355e+03 6.896587567052451959e+03
7.794138317897833304e+02 6.872016240845193352e+03 6.908905134599786834e+03
7.796755991851148337e+02 6.823582414807707210e+03 6.921232402557758178e+03
7.799373643167881482e+02 6.848843530280963932e+03 6.933569358257331260e+03
7.801991271835356656e+02 6.884827536129655527e+03 6.945915989009613440e+03
7.804608877840904597e+02 7.018135422027829918e+03 6.958272282106054263e+03
7.807226461171856045e+02 7.004883153476753250e+03 6.970638224818422714e+03
7.809844021815542874e+02 6.968719695112168665e+03 6.983013804398926368e+03
7.812461559759289003e+02 7.003928243217364070e+03 6.995399008080208660e+03
7.815079074990431991e+02 7.033073041622170422e+03 7.007793823075482578e+03
7.817696567496301441e+02 6.965573623789072371e+03 7.020198236578598880e+03
7.820314037264224680e+02 7.015910925554740970e+03 7.032612235764023353e+03
7.822931484281540406e+02 7.006898626741269254e+03 7.045035807787022350e+03
7.825548908535574810e+02 7.037989564050827539e+03 7.057468939783601854e+03
7.828166310013659768e+02 7.046575701192095948e+03 7.069911618870683924e+03
7.830783688703137386e+02 7.101828255712686769e+03 7.082363832146166715e+03
7.833401044591327036e+02 7.137899467980254485e+03 7.094825566688815343e+03
7.836018377665574235e+02 7.153696111096954155e+03 7.107296809558631139e+03
7.838635687913205174e+02 7.204584884294446056e+03 7.119777547796582439e+03
7.841252975321556278e+02 7.179324562145451637e+03 7.132267768424971109e+03
7.843870239877963968e+02 7.213711938023751827e+03 7.144767458447289755e+03
7.846487481569760121e+02 7.309180317543597084e+03 7.157276604848374518e+03
7.849104700384281159e+02 7.225035413990461166e+03 7.169795194594467830e+03
7.851721896308860096e+02 7.252635300437012120e+03 7.182323214633234784e+03
7.854339069330835628e+02 7.325892146223383861e+03 7.194860651893905924e+03
7.856956219437541904e+02 7.238642450275557167e+03 7.207407493287262696e+03
7.859573346616319895e+02 7.234286947376416720e+03 7.219963725705826619e+03
7.862190450854500341e+02 7.192155075871979534e+03 7.232529336023694668e+03
7.864807532139421937e+02 7.280896632266234519e+03 7.245104311096858510e+03
7.867424590458424518e+02 7.392699594176200662e+03 7.257688637763142651e+03
7.870041625798845644e+02 7.391635445279251144e+03 7.270282302842277204e+03
7.872658638148019463e+02 7.364603235603308349e+03 7.282885293135943357e+03
7.875275627493288084e+02 7.422016134647193212e+03 7.295497595427928900e+03
7.877892593821990204e+02 7.459431095452662703e+03 7.308119196484070017e+03
7.880509537121462245e+02 7.400015931761615320e+03 7.320750083052428636e+03
7.883126457379046315e+02 7.511660697797692592e+03 7.333390241863267875e+03
7.885743354582079974e+02 7.452960875190389743e+03 7.346039659629193920e+03
7.888360228717905329e+02 7.432717174121175958e+03 7.358698323045150573e+03
7.890977079773862215e+02 7.458304967741159089e+03 7.371366218788563856e+03
7.893593907737292739e+02 7.485119138461215698e+03 7.384043333519309272e+03
7.896210712595535597e+02 7.545644391910747800e+03 7.396729653879834586e+03
7.898827494335934034e+02 7.592710683652747321e+03 7.409425166495288977e+03
7.901444252945826747e+02 7.533845661559856126e+03 7.422129857973416620e+03
7.904060988412560391e+02 7.541585733999671902e+03 7.434843714904799526e+03
7.906677700723475937e+02 7.507532523043212677e+03 7.447566723862814797e+03
7.909294389865913217e+02 7.664894156817971634e+03 7.460298871403735575e+03
7.911911055827217751e+02 7.618257117978187125e+03 7.473040144066770154e+03
7.914527698594736194e+02 7.652708485195551475e+03 7.485790528374223868e+03
7.917144318155807241e+02 7.598675592260588928e+03 7.498550010831385407e+03
7.919760914497778685e+02 7.638301163565399293e+03 7.511318577926758735e+03
7.922377487607991497e+02 7.627883470895593746e+03 7.524096216132046720e+03
7.924994037473793469e+02 7.703048064255653117e+03 7.536882911902263913e+03
7.927610564082530118e+02 7.647910116725418447e+03 7.549678651675704714e+03
7.930227067421544689e+02 7.711420422738981870e+03 7.562483421874134365e+03
7.932843547478187247e+02 7.691719692840034440e+03 7.575297208902771672e+03
7.935460004239796490e+02 7.711180192638816152e+03 7.588119999150359035e+03
7.938076437693728167e+02 7.773614975740663795e+03 7.600951778989281593e+03
7.940692847827323249e+02 7.723464610016739243e+03 7.613792534775539025e+03
7.943309234627929527e+02 7.727835516187498797e+03 7.626642252848934731e+03
7.945925598082897068e+02 7.780911857637343928e+03 7.639500919532998523e+03
7.948541938179572526e+02 7.767680173417404148e+03 7.652368521135206720e+03
7.951158254905302556e+02 7.753490201111992974e+03 7.665245043946856640e+03
7.953774548247438361e+02 7.790084704084010809e+03 7.678130474243344906e+03
7.956390818193327732e+02 7.746342914489457144e+03 7.691024798284051940e+03
7.959007064730319598e+02 7.836406772426351381e+03 7.703928002312522949e+03
7.961623287845768573e+02 7.798579626844256381e+03 7.716840072556479754e+03
7.964239487527016763e+02 7.884366992511666467e+03 7.729760995227837157e+03
7.966855663761419919e+02 7.891095339404347214e+03 7.742690756522921220e+03
7.969471816536326969e+02 7.860760721396543886e+03 7.755629342622376498e+03
7.972087945839087979e+02 7.849361457253274239e+03 7.768576739691315197e+03
7.974704051657058699e+02 7.898777593384884312e+03 7.781532933879334450e+03
7.977320133977586920e+02 7.872700514661240959e+03 7.794497911320618186e+03
7.979936192788023845e+02 7.871715250304445362e+03 7.807471658133979872e+03
7.982552228075726362e+02 7.856042118197457057e+03 7.820454160422962559e+03
7.985168239828045671e+02 7.838240662582039477e+03 7.833445404275834335e+03
7.987784228032330702e+02 7.957572472987501897e+03 7.846445375765702920e+03
7.990400192675944027e+02 7.941616723685338002e+03 7.859454060950600251e+03
7.993016133746228888e+02 7.889608774796459329e+03 7.872471445873458833e+03
7.995632051230548996e+02 7.939739485079501719e+03 7.885497516562291821e+03
7.998247945116252140e+02 7.982353334903231371e+03 7.898532259030171190e+03
8.000863815390697482e+02 8.052681265639004778e+03 7.911575659275306862e+03
8.003479662041238498e+02 8.051133069987113231e+03 7.924627703281136746e+03
8.006095485055230938e+02 8.005444450150621378e+03 7.937688377016386767e+03
8.008711284420031689e+02 8.013780340778200298e+03 7.950757666435099054e+03
8.011327060122994226e+02 8.008267787614516237e+03 7.963835557476744725e+03
8.013942812151478847e+02 8.032410314859997925e+03 7.976922036066244800e+03
8.016558540492842440e+02 8.042993279430869734e+03 7.990017088114086619e+03
8.019174245134439616e+02 8.033782413944129985e+03 8.003120699516282912e+03
8.021789926063630674e+02 8.054896933070594969e+03 8.016232856154610090e+03
8.024405583267770226e+02 8.027032229421082775e+03 8.029353543896459996e+03
8.027021216734223117e+02 8.103907211301218922e+03 8.042482748595136400e+03
8.029636826450343960e+02 8.116235586542242345e+03 8.055620456089674008e+03
8.032252412403490780e+02 8.107149666704755873e+03 8.068766652205080391e+03
8.034867974581027283e+02 8.168895348680048301e+03 8.081921322752348715e+03
8.037483512970309221e+02 8.099200830272232452e+03 8.095084453528498670e+03
8.040099027558698026e+02 8.131699323616011498e+03 8.108256030316649230e+03
8.042714518333556271e+02 8.191548709073590544e+03 8.121436038886105962e+03
8.045329985282241978e+02 8.209263915894902311e+03 8.134624464992401045e+03
8.047945428392119993e+02 8.073128766781815102e+03 8.147821294377386039e+03
8.050560847650548340e+02 8.139023357333705462e+03 8.161026512769193687e+03
8.053176243044891862e+02 8.124424053229121455e+03 8.174240105882502576e+03
8.055791614562511995e+02 8.215320511938483833e+03 8.187462059418370700e+03
8.058406962190770173e+02 8.261202163665002445e+03 8.200692359064416451e+03
8.061022285917033514e+02 8.191271700837764001e+03 8.213930990494967773e+03
8.063637585728661179e+02 8.267420571073607789e+03 8.227177939370905733e+03
8.066252861613016876e+02 8.250808870505499726e+03 8.240433191339923724e+03
8.068868113557469997e+02 8.235766670154900567e+03 8.253696732036509275e+03
8.071483341549378565e+02 8.334465132607530904e+03 8.266968547081991346e+03
8.074098545576111974e+02 8.204486049644057857e+03 8.280248622084627641e+03
8.076713725625033931e+02 8.328019633552707091e+03 8.293536942639702829e+03
8.079328881683509280e+02 8.313550145346915087e+03 8.306833494329503083e+03
8.081944013738906278e+02 8.295449514295953122e+03 8.320138262723488879e+03
8.084559121778590907e+02 8.343051398794354100e+03 8.333451233378265897e+03
8.087174205789928010e+02 8.303983302696186001e+03 8.346772391837657779e+03
8.089789265760284707e+02 8.384926186631377277e+03 8.360101723632846188e+03
8.092404301677030389e+02 8.330568512784378981e+03 8.373439214282352623e+03
8.095019313527532177e+02 8.482375406927378208e+03 8.386784849292138460e+03
8.097634301299157187e+02 8.508937955747589513e+03 8.400138614155639516e+03
8.100249264979277086e+02 8.448378905658237272e+03 8.413500494353880640e+03
8.102864204555254446e+02 8.475311294020568312e+03 8.426870475355457529e+03
8.105479120014466616e+02 8.401941348826610920e+03 8.440248542616694976e+03
8.108094011344277305e+02 8.441459560610299377e+03 8.453634681581612313e+03
8.110708878532057042e+02 8.457463896079316328e+03 8.467028877682083476e+03
8.113323721565179767e+02 8.367936400635460814e+03 8.480431116337838830e+03
8.115938540431012598e+02 8.464682353793128641e+03 8.493841382956481539e+03
8.118553335116928338e+02 8.533839776774864731e+03 8.507259662933678555e+03
8.121168105610298653e+02 8.466659733119267912e+03 8.520685941653149712e+03
8.123782851898495210e+02 8.600941195140354466e+03 8.534120204486673174e+03
8.126397573968888537e+02 8.620013406756526820e+03 8.547562436794241876e+03
8.129012271808851438e+02 8.586523657326521061e+03 8.561012623924054424e+03
8.131626945405760125e+02 8.592339725541804000e+03 8.574470751212726100e+03
8.134241594746986266e+02 8.711530286779201560e+03 8.587936803985096049e+03
8.136856219819900389e+02 8.651883693439118360e+03 8.601410767554481936e+03
8.139470820611878707e+02 8.591810482790950118e+03 8.614892627222703595e+03
8.142085397110298572e+02 8.658608217465653070e+03 8.628382368280130322e+03
8.144699949302530513e+02 8.620771204014592513e+03 8.641879976005739081e+03
8.147314477175949605e+02 8.651010589523604722e+03 8.655385435667165439e+03
8.149928980717936611e+02 8.652713942987227711e+03 8.668898732520794510e+03
8.152543459915860922e+02 8.680348742052288799e+03 8.682419851811806438e+03
8.155157914757101025e+02 8.710920933671653984e+03 8.695948778774225502e+03
8.157772345229035409e+02 8.739170187232870376e+03 8.709485498631032897e+03
8.160386751319040286e+02 8.795660456073906971e+03 8.723029996594133991e+03
8.163001133014490733e+02 8.847868063160263773e+03 8.736582257864512940e+03
8.165615490302768649e+02 8.897995045965131794e+03 8.750142267632274525e+03
8.168229823171247972e+02 8.908056225649826956e+03 8.763710011076667797e+03
8.170844131607310601e+02 8.852422749944715179e+03 8.777285473366129736e+03
8.173458415598331612e+02 8.806509852947456238e+03 8.790868639658472603e+03
8.176072675131694041e+02 8.846268794250674546e+03 8.804459495100742060e+03
8.178686910194774100e+02 8.853404076581129630e+03 8.818058024829531860e+03
8.181301120774954825e+02 8.876396569976981482e+03 8.831664213970780111e+03
8.183915306859612429e+02 8.833353019525477066e+03 8.845278047640031218e+03
8.186529468436132220e+02 8.822313093737968302e+03 8.858899510942386769e+03
8.189143605491891549e+02 8.890502724835807385e+03 8.872528588972629223e+03
8.191757718014274587e+02 8.945761707099658452e+03 8.886165266815258292e+03
8.194371805990663233e+02 8.985001494151976658e+03 8.899809529544483667e+03
8.196985869408435974e+02 9.031216802168020877e+03 8.913461362224432378e+03
8.199599908254980392e+02 9.014307316097656440e+03 8.927120749909106962e+03
