# Wavelength calibration
# Source: 20260810_135352_C001H001S0001000001.tif
# Grating center wavelength: 700.0 nm
# Polynomial (highest order first): [np.float64(-1.082415994543798e-06), np.float64(0.17719322045398636), np.float64(610.0072640802747)]
# RMS residual: 0.02939 nm
#
# pixel  wavelength_nm  species  residual_nm
  24.465    614.3063  Ne I   -0.0353
  35.536    616.3594  Ne I   +0.0567
  66.025    621.7281  Ne I   +0.0264
  94.055    626.6495  Ne I   -0.0141
 132.356    633.4428  Ne I   +0.0019
 159.964    638.2991  Ne I   -0.0251
 170.818    640.2246  Ne I   -0.0189
 229.702    650.6528  Ne I   +0.0010
 244.586    653.2882  Ne I   +0.0067
 282.187    659.8953  Ne I   -0.0273
 326.973    667.8276  Ne I   -0.0013
 348.877    671.7043  Ne I   +0.0101
 469.381    692.9467  Ne I   +0.0068
 527.793    703.2413  Ne I   +0.0142
 648.874    724.5167  Ne I   -0.0110
 759.217    743.8898  Ne I   -0.0216
 796.199    750.3869  Ar I   -0.0153
 813.803    753.5774  Ne I   +0.0866
 870.953    763.5106  Ar I   -0.0026
 921.997    772.4207  Ar I   -0.0381
#
# pixel  wavelength_nm  counts
    0   610.0073  11660.0
    1   610.1845  11179.0
    2   610.3616  10312.0
    3   610.5388  10323.0
    4   610.7160  10325.0
    5   610.8932  10526.0
    6   611.0704  10345.0
    7   611.2476  9988.0
    8   611.4247  9834.0
    9   611.6019  9984.0
   10   611.7791  10084.0
   11   611.9563  10300.0
   12   612.1334  9324.0
   13   612.3106  9728.0
   14   612.4878  10264.0
   15   612.6649  10029.0
   16   612.8421  9745.0
   17   613.0192  10150.0
   18   613.1964  10061.0
   19   613.3735  10424.0
   20   613.5507  10397.0
   21   613.7278  11099.0
   22   613.9050  11963.0
   23   614.0821  12776.0
   24   614.2593  13359.0
   25   614.4364  13512.0
   26   614.6136  12756.0
   27   614.7907  11618.0
   28   614.9678  10951.0
   29   615.1450  10330.0
   30   615.3221  9929.0
   31   615.4992  9709.0
   32   615.6763  9905.0
   33   615.8535  10135.0
   34   616.0306  10546.0
   35   616.2077  10705.0
   36   616.3848  10704.0
   37   616.5619  10505.0
   38   616.7390  10138.0
   39   616.9162  9784.0
   40   617.0933  9637.0
   41   617.2704  9568.0
   42   617.4475  9459.0
   43   617.6246  9446.0
   44   617.8017  9578.0
   45   617.9788  9663.0
   46   618.1559  9670.0
   47   618.3330  9367.0
   48   618.5100  9379.0
   49   618.6871  9421.0
   50   618.8642  9381.0
   51   619.0413  9373.0
   52   619.2184  9473.0
   53   619.3955  9471.0
   54   619.5725  9347.0
   55   619.7496  9280.0
   56   619.9267  9297.0
   57   620.1038  9359.0
   58   620.2808  9378.0
   59   620.4579  9495.0
   60   620.6350  9280.0
   61   620.8120  9355.0
   62   620.9891  9427.0
   63   621.1661  9457.0
   64   621.3432  9389.0
   65   621.5203  9747.0
   66   621.6973  9932.0
   67   621.8744  9933.0
   68   622.0514  9404.0
   69   622.2284  9283.0
   70   622.4055  9159.0
   71   622.5825  9191.0
   72   622.7596  9041.0
   73   622.9366  8953.0
   74   623.1136  8941.0
   75   623.2907  8890.0
   76   623.4677  9146.0
   77   623.6447  9005.0
   78   623.8217  9090.0
   79   623.9988  9206.0
   80   624.1758  8905.0
   81   624.3528  8941.0
   82   624.5298  8904.0
   83   624.7068  8910.0
   84   624.8839  9135.0
   85   625.0609  9065.0
   86   625.2379  8972.0
   87   625.4149  9043.0
   88   625.5919  8909.0
   89   625.7689  9180.0
   90   625.9459  9294.0
   91   626.1229  9860.0
   92   626.2999  10186.0
   93   626.4769  10872.0
   94   626.6539  11200.0
   95   626.8309  10910.0
   96   627.0078  10196.0
   97   627.1848  9824.0
   98   627.3618  9444.0
   99   627.5388  9171.0
  100   627.7158  8898.0
  101   627.8927  8873.0
  102   628.0697  8799.0
  103   628.2467  8785.0
  104   628.4237  8835.0
  105   628.6006  8815.0
  106   628.7776  8757.0
  107   628.9545  8886.0
  108   629.1315  8857.0
  109   629.3085  8987.0
  110   629.4854  8944.0
  111   629.6624  8867.0
  112   629.8393  8960.0
  113   630.0163  9064.0
  114   630.1932  9190.0
  115   630.3702  9389.0
  116   630.5471  9348.0
  117   630.7241  9308.0
  118   630.9010  9058.0
  119   631.0779  8820.0
  120   631.2549  8781.0
  121   631.4318  8729.0
  122   631.6087  8814.0
  123   631.7857  8867.0
  124   631.9626  8706.0
  125   632.1395  8740.0
  126   632.3164  8693.0
  127   632.4933  8806.0
  128   632.6703  8808.0
  129   632.8472  9086.0
  130   633.0241  9591.0
  131   633.2010  9967.0
  132   633.3779  10059.0
  133   633.5548  10104.0
  134   633.7317  9802.0
  135   633.9086  9338.0
  136   634.0855  8877.0
  137   634.2624  8667.0
  138   634.4393  8621.0
  139   634.6162  8502.0
  140   634.7931  8664.0
  141   634.9700  8541.0
  142   635.1469  8761.0
  143   635.3238  8613.0
  144   635.5006  8415.0
  145   635.6775  8416.0
  146   635.8544  8497.0
  147   636.0313  8474.0
  148   636.2082  8603.0
  149   636.3850  8601.0
  150   636.5619  8564.0
  151   636.7388  8539.0
  152   636.9156  8594.0
  153   637.0925  8623.0
  154   637.2693  8824.0
  155   637.4462  8806.0
  156   637.6231  9193.0
  157   637.7999  9915.0
  158   637.9768  10870.0
  159   638.1536  11800.0
  160   638.3305  11932.0
  161   638.5073  11651.0
  162   638.6842  10735.0
  163   638.8610  9985.0
  164   639.0378  9250.0
  165   639.2147  8965.0
  166   639.3915  9085.0
  167   639.5683  9629.0
  168   639.7452  11003.0
  169   639.9220  12478.0
  170   640.0988  14078.0
  171   640.2757  14286.0
  172   640.4525  13590.0
  173   640.6293  11921.0
  174   640.8061  10394.0
  175   640.9829  9367.0
  176   641.1597  8876.0
  177   641.3366  8620.0
  178   641.5134  8619.0
  179   641.6902  8561.0
  180   641.8670  8701.0
  181   642.0438  8543.0
  182   642.2206  8540.0
  183   642.3974  8492.0
  184   642.5742  8444.0
  185   642.7510  8541.0
  186   642.9278  8730.0
  187   643.1045  8687.0
  188   643.2813  8600.0
  189   643.4581  8533.0
  190   643.6349  8474.0
  191   643.8117  8570.0
  192   643.9885  8534.0
  193   644.1652  8585.0
  194   644.3420  8765.0
  195   644.5188  8675.0
  196   644.6956  8497.0
  197   644.8723  8601.0
  198   645.0491  8602.0
  199   645.2259  8613.0
  200   645.4026  8609.0
  201   645.5794  8541.0
  202   645.7561  8512.0
  203   645.9329  8541.0
  204   646.1096  8718.0
  205   646.2864  8669.0
  206   646.4631  8718.0
  207   646.6399  8639.0
  208   646.8166  8488.0
  209   646.9934  8650.0
  210   647.1701  8535.0
  211   647.3468  8657.0
  212   647.5236  8738.0
  213   647.7003  8715.0
  214   647.8770  8653.0
  215   648.0538  8751.0
  216   648.2305  8512.0
  217   648.4072  8586.0
  218   648.5839  8673.0
  219   648.7607  8758.0
  220   648.9374  8724.0
  221   649.1141  8715.0
  222   649.2908  8711.0
  223   649.4675  8703.0
  224   649.6442  8795.0
  225   649.8209  9094.0
  226   649.9976  9356.0
  227   650.1743  9982.0
  228   650.3511  10689.0
  229   650.5277  11413.0
  230   650.7044  11566.0
  231   650.8811  11058.0
  232   651.0578  10240.0
  233   651.2345  9504.0
  234   651.4112  9008.0
  235   651.5879  8827.0
  236   651.7646  8876.0
  237   651.9413  8743.0
  238   652.1179  8649.0
  239   652.2946  8661.0
  240   652.4713  8562.0
  241   652.6480  8833.0
  242   652.8246  9093.0
  243   653.0013  9402.0
  244   653.1780  9800.0
  245   653.3546  9734.0
  246   653.5313  9473.0
  247   653.7080  9172.0
  248   653.8846  8871.0
  249   654.0613  8750.0
  250   654.2379  8706.0
  251   654.4146  8751.0
  252   654.5912  8767.0
  253   654.7679  8712.0
  254   654.9445  8572.0
  255   655.1212  8589.0
  256   655.2978  8485.0
  257   655.4744  8702.0
  258   655.6511  8920.0
  259   655.8277  8880.0
  260   656.0043  8571.0
  261   656.1810  8559.0
  262   656.3576  8636.0
  263   656.5342  8602.0
  264   656.7108  8549.0
  265   656.8875  8696.0
  266   657.0641  8605.0
  267   657.2407  8638.0
  268   657.4173  8644.0
  269   657.5939  8789.0
  270   657.7705  8677.0
  271   657.9471  8677.0
  272   658.1237  8615.0
  273   658.3003  8595.0
  274   658.4769  8704.0
  275   658.6535  8680.0
  276   658.8301  8760.0
  277   659.0067  8754.0
  278   659.1833  8811.0
  279   659.3599  9076.0
  280   659.5365  9366.0
  281   659.7131  9843.0
  282   659.8897  9997.0
  283   660.0663  9966.0
  284   660.2428  9518.0
  285   660.4194  9166.0
  286   660.5960  9003.0
  287   660.7726  8796.0
  288   660.9491  8639.0
  289   661.1257  8658.0
  290   661.3023  8864.0
  291   661.4788  8772.0
  292   661.6554  8604.0
  293   661.8320  8508.0
  294   662.0085  8574.0
  295   662.1851  8573.0
  296   662.3616  8494.0
  297   662.5382  8654.0
  298   662.7147  8692.0
  299   662.8913  8743.0
  300   663.0678  8813.0
  301   663.2444  8783.0
  302   663.4209  8765.0
  303   663.5974  8722.0
  304   663.7740  8581.0
  305   663.9505  8673.0
  306   664.1270  8669.0
  307   664.3036  8796.0
  308   664.4801  8722.0
  309   664.6566  8795.0
  310   664.8331  8722.0
  311   665.0097  8597.0
  312   665.1862  8683.0
  313   665.3627  8663.0
  314   665.5392  8732.0
  315   665.7157  8895.0
  316   665.8922  8751.0
  317   666.0687  8718.0
  318   666.2452  8736.0
  319   666.4218  8810.0
  320   666.5983  8817.0
  321   666.7748  8887.0
  322   666.9513  9202.0
  323   667.1277  9481.0
  324   667.3042  9804.0
  325   667.4807  10504.0
  326   667.6572  11259.0
  327   667.8337  11549.0
  328   668.0102  11225.0
  329   668.1867  10459.0
  330   668.3632  9823.0
  331   668.5396  9311.0
  332   668.7161  9366.0
  333   668.8926  9212.0
  334   669.0690  8905.0
  335   669.2455  8925.0
  336   669.4220  8892.0
  337   669.5985  8919.0
  338   669.7749  8834.0
  339   669.9514  8861.0
  340   670.1278  9020.0
  341   670.3043  9062.0
  342   670.4807  9020.0
  343   670.6572  9066.0
  344   670.8336  9007.0
  345   671.0101  9255.0
  346   671.1865  9724.0
  347   671.3630  10309.0
  348   671.5394  10770.0
  349   671.7159  10991.0
  350   671.8923  10684.0
  351   672.0687  10152.0
  352   672.2452  9543.0
  353   672.4216  9273.0
  354   672.5980  9064.0
  355   672.7744  9103.0
  356   672.9509  8879.0
  357   673.1273  8877.0
  358   673.3037  8772.0
  359   673.4801  8847.0
  360   673.6565  8918.0
  361   673.8330  8747.0
  362   674.0094  8761.0
  363   674.1858  8778.0
  364   674.3622  8914.0
  365   674.5386  8855.0
  366   674.7150  8839.0
  367   674.8914  8744.0
  368   675.0678  8828.0
  369   675.2442  8863.0
  370   675.4206  8924.0
  371   675.5970  8727.0
  372   675.7734  8853.0
  373   675.9497  8812.0
  374   676.1261  8729.0
  375   676.3025  8906.0
  376   676.4789  8814.0
  377   676.6553  8773.0
  378   676.8316  8945.0
  379   677.0080  8865.0
  380   677.1844  8899.0
  381   677.3608  8811.0
  382   677.5371  8778.0
  383   677.7135  8693.0
  384   677.8899  8627.0
  385   678.0662  8840.0
  386   678.2426  9029.0
  387   678.4189  8982.0
  388   678.5953  8746.0
  389   678.7716  8661.0
  390   678.9480  8677.0
  391   679.1243  8868.0
  392   679.3007  8814.0
  393   679.4770  8696.0
  394   679.6534  8793.0
  395   679.8297  8761.0
  396   680.0060  8870.0
  397   680.1824  8769.0
  398   680.3587  8812.0
  399   680.5350  8759.0
  400   680.7114  8686.0
  401   680.8877  8684.0
  402   681.0640  8704.0
  403   681.2403  8758.0
  404   681.4167  8817.0
  405   681.5930  8893.0
  406   681.7693  8629.0
  407   681.9456  8717.0
  408   682.1219  8567.0
  409   682.2982  8746.0
  410   682.4745  8690.0
  411   682.6508  8744.0
  412   682.8271  8565.0
  413   683.0034  8564.0
  414   683.1797  8560.0
  415   683.3560  8603.0
  416   683.5323  8609.0
  417   683.7086  8652.0
  418   683.8849  8565.0
  419   684.0612  8599.0
  420   684.2375  8435.0
  421   684.4138  8429.0
  422   684.5900  8330.0
  423   684.7663  8362.0
  424   684.9426  8319.0
  425   685.1189  8270.0
  426   685.2951  8343.0
  427   685.4714  8288.0
  428   685.6477  8486.0
  429   685.8239  8442.0
  430   686.0002  8390.0
  431   686.1765  8403.0
  432   686.3527  8301.0
  433   686.5290  8181.0
  434   686.7052  8218.0
  435   686.8815  8270.0
  436   687.0577  8404.0
  437   687.2340  8368.0
  438   687.4102  8168.0
  439   687.5865  8156.0
  440   687.7627  8254.0
  441   687.9390  8201.0
  442   688.1152  8327.0
  443   688.2914  8371.0
  444   688.4677  8225.0
  445   688.6439  8137.0
  446   688.8201  8180.0
  447   688.9964  8255.0
  448   689.1726  8125.0
  449   689.3488  8174.0
  450   689.5250  8378.0
  451   689.7012  8464.0
  452   689.8775  8123.0
  453   690.0537  8153.0
  454   690.2299  8096.0
  455   690.4061  8154.0
  456   690.5823  8013.0
  457   690.7585  8034.0
  458   690.9347  8179.0
  459   691.1109  8196.0
  460   691.2871  8298.0
  461   691.4633  8068.0
  462   691.6395  8223.0
  463   691.8157  8248.0
  464   691.9919  8159.0
  465   692.1681  8300.0
  466   692.3443  8510.0
  467   692.5204  9175.0
  468   692.6966  9894.0
  469   692.8728  10199.0
  470   693.0490  10123.0
  471   693.2251  9608.0
  472   693.4013  9069.0
  473   693.5775  8683.0
  474   693.7537  8530.0
  475   693.9298  8330.0
  476   694.1060  8104.0
  477   694.2821  8145.0
  478   694.4583  8055.0
  479   694.6345  8086.0
  480   694.8106  8086.0
  481   694.9868  8065.0
  482   695.1629  8160.0
  483   695.3391  8209.0
  484   695.5152  8066.0
  485   695.6914  8001.0
  486   695.8675  8015.0
  487   696.0436  8003.0
  488   696.2198  8094.0
  489   696.3959  8141.0
  490   696.5721  8068.0
  491   696.7482  8065.0
  492   696.9243  8259.0
  493   697.1004  8165.0
  494   697.2766  8042.0
  495   697.4527  8020.0
  496   697.6288  7984.0
  497   697.8049  8007.0
  498   697.9810  7888.0
  499   698.1572  8074.0
  500   698.3333  8165.0
  501   698.5094  8158.0
  502   698.6855  8030.0
  503   698.8616  8099.0
  504   699.0377  8104.0
  505   699.2138  7976.0
  506   699.3899  8038.0
  507   699.5660  8111.0
  508   699.7421  8061.0
  509   699.9182  7867.0
  510   700.0943  7961.0
  511   700.2704  7833.0
  512   700.4464  7879.0
  513   700.6225  7960.0
  514   700.7986  8082.0
  515   700.9747  8058.0
  516   701.1508  7865.0
  517   701.3268  7916.0
  518   701.5029  7986.0
  519   701.6790  7841.0
  520   701.8551  8002.0
  521   702.0311  7990.0
  522   702.2072  8191.0
  523   702.3832  8239.0
  524   702.5593  8948.0
  525   702.7354  10032.0
  526   702.9114  11704.0
  527   703.0875  13103.0
  528   703.2635  13402.0
  529   703.4396  12462.0
  530   703.6156  10932.0
  531   703.7917  9701.0
  532   703.9677  8892.0
  533   704.1437  8409.0
  534   704.3198  8047.0
  535   704.4958  7949.0
  536   704.6719  7773.0
  537   704.8479  7858.0
  538   705.0239  7755.0
  539   705.1999  7775.0
  540   705.3760  7763.0
  541   705.5520  7788.0
  542   705.7280  7773.0
  543   705.9040  7781.0
  544   706.0801  7729.0
  545   706.2561  7778.0
  546   706.4321  7959.0
  547   706.6081  7832.0
  548   706.7841  7730.0
  549   706.9601  7692.0
  550   707.1361  7654.0
  551   707.3121  7648.0
  552   707.4881  7628.0
  553   707.6641  7762.0
  554   707.8401  7672.0
  555   708.0161  7637.0
  556   708.1921  7741.0
  557   708.3681  7700.0
  558   708.5441  7711.0
  559   708.7200  7662.0
  560   708.8960  7600.0
  561   709.0720  7581.0
  562   709.2480  7596.0
  563   709.4240  7701.0
  564   709.5999  7752.0
  565   709.7759  7653.0
  566   709.9519  7670.0
  567   710.1278  7558.0
  568   710.3038  7604.0
  569   710.4798  7641.0
  570   710.6557  7703.0
  571   710.8317  7741.0
  572   711.0076  7609.0
  573   711.1836  7585.0
  574   711.3595  7635.0
  575   711.5355  7427.0
  576   711.7114  7640.0
  577   711.8874  7700.0
  578   712.0633  7834.0
  579   712.2393  7709.0
  580   712.4152  7462.0
  581   712.5911  7529.0
  582   712.7671  7552.0
  583   712.9430  7490.0
  584   713.1189  7505.0
  585   713.2949  7395.0
  586   713.4708  7421.0
  587   713.6467  7586.0
  588   713.8226  7588.0
  589   713.9986  7587.0
  590   714.1745  7520.0
  591   714.3504  7436.0
  592   714.5263  7410.0
  593   714.7022  7305.0
  594   714.8781  7358.0
  595   715.0540  7355.0
  596   715.2299  7438.0
  597   715.4058  7316.0
  598   715.5817  7435.0
  599   715.7576  7384.0
  600   715.9335  7227.0
  601   716.1094  7285.0
  602   716.2853  7349.0
  603   716.4612  7236.0
  604   716.6371  7220.0
  605   716.8130  7155.0
  606   716.9889  7313.0
  607   717.1647  7327.0
  608   717.3406  7406.0
  609   717.5165  7215.0
  610   717.6924  7365.0
  611   717.8682  7170.0
  612   718.0441  7043.0
  613   718.2200  6981.0
  614   718.3958  6977.0
  615   718.5717  6759.0
  616   718.7476  6941.0
  617   718.9234  6995.0
  618   719.0993  6789.0
  619   719.2751  6899.0
  620   719.4510  6955.0
  621   719.6268  7034.0
  622   719.8027  6873.0
  623   719.9785  6798.0
  624   720.1544  6804.0
  625   720.3302  6845.0
  626   720.5060  6761.0
  627   720.6819  6799.0
  628   720.8577  6865.0
  629   721.0336  6706.0
  630   721.2094  6761.0
  631   721.3852  6628.0
  632   721.5610  6740.0
  633   721.7369  6759.0
  634   721.9127  6792.0
  635   722.0885  6827.0
  636   722.2643  6755.0
  637   722.4401  6681.0
  638   722.6159  6669.0
  639   722.7918  6524.0
  640   722.9676  6632.0
  641   723.1434  6707.0
  642   723.3192  6864.0
  643   723.4950  6859.0
  644   723.6708  6678.0
  645   723.8466  6824.0
  646   724.0224  7322.0
  647   724.1982  8088.0
  648   724.3740  8627.0
  649   724.5497  8835.0
  650   724.7255  8333.0
  651   724.9013  7750.0
  652   725.0771  7413.0
  653   725.2529  7075.0
  654   725.4287  6836.0
  655   725.6044  6637.0
  656   725.7802  6591.0
  657   725.9560  6499.0
  658   726.1318  6475.0
  659   726.3075  6399.0
  660   726.4833  6592.0
  661   726.6591  6498.0
  662   726.8348  6410.0
  663   727.0106  6493.0
  664   727.1863  6500.0
  665   727.3621  6471.0
  666   727.5378  6604.0
  667   727.7136  6592.0
  668   727.8893  6549.0
  669   728.0651  6479.0
  670   728.2408  6473.0
  671   728.4166  6479.0
  672   728.5923  6408.0
  673   728.7680  6457.0
  674   728.9438  6533.0
  675   729.1195  6441.0
  676   729.2952  6322.0
  677   729.4710  6296.0
  678   729.6467  6279.0
  679   729.8224  6326.0
  680   729.9981  6374.0
  681   730.1739  6285.0
  682   730.3496  6327.0
  683   730.5253  6440.0
  684   730.7010  6444.0
  685   730.8767  6432.0
  686   731.0524  6395.0
  687   731.2281  6261.0
  688   731.4038  6220.0
  689   731.5795  6216.0
  690   731.7552  6312.0
  691   731.9309  6273.0
  692   732.1066  6262.0
  693   732.2823  6295.0
  694   732.4580  6321.0
  695   732.6337  6213.0
  696   732.8094  6279.0
  697   732.9851  6283.0
  698   733.1608  6381.0
  699   733.3365  6170.0
  700   733.5121  6277.0
  701   733.6878  6216.0
  702   733.8635  6198.0
  703   734.0392  6218.0
  704   734.2148  6156.0
  705   734.3905  6199.0
  706   734.5662  6311.0
  707   734.7418  6410.0
  708   734.9175  6151.0
  709   735.0931  6162.0
  710   735.2688  6077.0
  711   735.4445  6178.0
  712   735.6201  6147.0
  713   735.7958  6135.0
  714   735.9714  6129.0
  715   736.1471  6097.0
  716   736.3227  6273.0
  717   736.4983  6153.0
  718   736.6740  6255.0
  719   736.8496  6192.0
  720   737.0253  6139.0
  721   737.2009  6153.0
  722   737.3765  6056.0
  723   737.5522  6141.0
  724   737.7278  6121.0
  725   737.9034  6250.0
  726   738.0790  6260.0
  727   738.2546  6391.0
  728   738.4303  6312.0
  729   738.6059  6179.0
  730   738.7815  6219.0
  731   738.9571  6216.0
  732   739.1327  6184.0
  733   739.3083  6092.0
  734   739.4839  6170.0
  735   739.6595  6144.0
  736   739.8351  6078.0
  737   740.0107  6194.0
  738   740.1863  6232.0
  739   740.3619  6123.0
  740   740.5375  5921.0
  741   740.7131  5923.0
  742   740.8887  6019.0
  743   741.0643  5909.0
  744   741.2399  6071.0
  745   741.4154  5956.0
  746   741.5910  6048.0
  747   741.7666  6095.0
  748   741.9422  6148.0
  749   742.1177  6108.0
  750   742.2933  6117.0
  751   742.4689  5941.0
  752   742.6445  6059.0
  753   742.8200  5926.0
  754   742.9956  5978.0
  755   743.1711  6098.0
  756   743.3467  6288.0
  757   743.5223  6327.0
  758   743.6978  6386.0
  759   743.8734  6338.0
  760   744.0489  6452.0
  761   744.2245  6307.0
  762   744.4000  6268.0
  763   744.5755  6204.0
  764   744.7511  6020.0
  765   744.9266  5974.0
  766   745.1022  5892.0
  767   745.2777  5802.0
  768   745.4532  5964.0
  769   745.6288  6005.0
  770   745.8043  6129.0
  771   745.9798  6132.0
  772   746.1553  5906.0
  773   746.3308  5877.0
  774   746.5064  5853.0
  775   746.6819  5904.0
  776   746.8574  5956.0
  777   747.0329  5946.0
  778   747.2084  5990.0
  779   747.3839  5968.0
  780   747.5594  6062.0
  781   747.7349  6029.0
  782   747.9104  6038.0
  783   748.0859  6013.0
  784   748.2614  5944.0
  785   748.4369  6084.0
  786   748.6124  6194.0
  787   748.7879  6306.0
  788   748.9634  6348.0
  789   749.1389  6263.0
  790   749.3144  6153.0
  791   749.4899  6109.0
  792   749.6653  6143.0
  793   749.8408  6418.0
  794   750.0163  6588.0
  795   750.1918  6937.0
  796   750.3672  7066.0
  797   750.5427  6934.0
  798   750.7182  6610.0
  799   750.8936  6552.0
  800   751.0691  6535.0
  801   751.2446  6609.0
  802   751.4200  6633.0
  803   751.5955  6457.0
  804   751.7709  6246.0
  805   751.9464  6094.0
  806   752.1218  5975.0
  807   752.2973  5848.0
  808   752.4727  5880.0
  809   752.6482  5885.0
  810   752.8236  6011.0
  811   752.9990  6001.0
  812   753.1745  6278.0
  813   753.3499  6518.0
  814   753.5253  6380.0
  815   753.7008  6272.0
  816   753.8762  6245.0
  817   754.0516  6157.0
  818   754.2270  6150.0
  819   754.4025  6129.0
  820   754.5779  6180.0
  821   754.7533  5989.0
  822   754.9287  5923.0
  823   755.1041  5858.0
  824   755.2795  5915.0
  825   755.4550  5862.0
  826   755.6304  6016.0
  827   755.8058  5992.0
  828   755.9812  5852.0
  829   756.1566  5919.0
  830   756.3320  5866.0
  831   756.5074  5888.0
  832   756.6827  5762.0
  833   756.8581  5957.0
  834   757.0335  6085.0
  835   757.2089  6184.0
  836   757.3843  5863.0
  837   757.5597  5784.0
  838   757.7351  5814.0
  839   757.9104  5766.0
  840   758.0858  5866.0
  841   758.2612  5806.0
  842   758.4366  5836.0
  843   758.6119  5904.0
  844   758.7873  5943.0
  845   758.9627  5932.0
  846   759.1380  5890.0
  847   759.3134  5836.0
  848   759.4887  5867.0
  849   759.6641  5810.0
  850   759.8395  5776.0
  851   760.0148  5842.0
  852   760.1902  5855.0
  853   760.3655  5913.0
  854   760.5409  5947.0
  855   760.7162  5918.0
  856   760.8915  5853.0
  857   761.0669  5794.0
  858   761.2422  5884.0
  859   761.4175  5915.0
  860   761.5929  5943.0
  861   761.7682  5811.0
  862   761.9435  5826.0
  863   762.1189  5912.0
  864   762.2942  5872.0
  865   762.4695  5957.0
  866   762.6448  6078.0
  867   762.8201  6130.0
  868   762.9955  6041.0
  869   763.1708  6306.0
  870   763.3461  6503.0
  871   763.5214  6524.0
  872   763.6967  6430.0
  873   763.8720  6319.0
  874   764.0473  6111.0
  875   764.2226  5984.0
  876   764.3979  6093.0
  877   764.5732  6062.0
  878   764.7485  5889.0
  879   764.9238  5740.0
  880   765.0991  5741.0
  881   765.2744  5808.0
  882   765.4496  5810.0
  883   765.6249  5858.0
  884   765.8002  5980.0
  885   765.9755  5791.0
  886   766.1508  5789.0
  887   766.3260  5813.0
  888   766.5013  5887.0
  889   766.6766  5836.0
  890   766.8518  5943.0
  891   767.0271  5806.0
  892   767.2024  5807.0
  893   767.3776  5746.0
  894   767.5529  5694.0
  895   767.7282  5852.0
  896   767.9034  5836.0
  897   768.0787  5824.0
  898   768.2539  5949.0
  899   768.4292  6092.0
  900   768.6044  5702.0
  901   768.7796  5701.0
  902   768.9549  5799.0
  903   769.1301  5756.0
  904   769.3054  5777.0
  905   769.4806  5819.0
  906   769.6558  5784.0
  907   769.8311  5824.0
  908   770.0063  5852.0
  909   770.1815  5766.0
  910   770.3567  5930.0
  911   770.5320  5866.0
  912   770.7072  5796.0
  913   770.8824  5835.0
  914   771.0576  5748.0
  915   771.2328  5779.0
  916   771.4080  5887.0
  917   771.5833  5902.0
  918   771.7585  5951.0
  919   771.9337  5978.0
  920   772.1089  6069.0
  921   772.2841  6187.0
  922   772.4593  6175.0
  923   772.6345  6305.0
  924   772.8097  5977.0
  925   772.9849  5939.0
  926   773.1600  5950.0
  927   773.3352  5921.0
  928   773.5104  5834.0
  929   773.6856  5919.0
  930   773.8608  5958.0
  931   774.0360  5998.0
  932   774.2111  5805.0
  933   774.3863  5828.0
  934   774.5615  5857.0
  935   774.7367  5737.0
  936   774.9118  5981.0
  937   775.0870  5840.0
  938   775.2621  5814.0
  939   775.4373  5821.0
  940   775.6125  5998.0
  941   775.7876  5962.0
  942   775.9628  5925.0
  943   776.1379  5887.0
  944   776.3131  5845.0
  945   776.4882  5899.0
  946   776.6634  5908.0
  947   776.8385  5863.0
  948   777.0137  6062.0
  949   777.1888  5916.0
  950   777.3639  5982.0
  951   777.5391  5983.0
  952   777.7142  5999.0
  953   777.8893  5948.0
  954   778.0645  6033.0
  955   778.2396  6006.0
  956   778.4147  6045.0
  957   778.5898  5978.0
  958   778.7650  6117.0
  959   778.9401  5911.0
  960   779.1152  5668.0
  961   779.2903  5724.0
  962   779.4654  5884.0
  963   779.6405  6052.0
  964   779.8156  5644.0
  965   779.9907  5852.0
  966   780.1659  5796.0
  967   780.3410  5954.0
  968   780.5161  5703.0
  969   780.6911  5672.0
  970   780.8662  5756.0
  971   781.0413  5753.0
  972   781.2164  6071.0
  973   781.3915  6005.0
  974   781.5666  6073.0
  975   781.7417  6184.0
  976   781.9168  5802.0
  977   782.0918  5662.0
  978   782.2669  5780.0
  979   782.4420  5758.0
  980   782.6171  6019.0
  981   782.7921  6132.0
  982   782.9672  5989.0
  983   783.1423  6184.0
  984   783.3173  6005.0
  985   783.4924  5902.0
  986   783.6675  6105.0
  987   783.8425  6124.0
  988   784.0176  6019.0
  989   784.1926  6046.0
  990   784.3677  6109.0
  991   784.5427  6304.0
  992   784.7178  6398.0
  993   784.8928  6533.0
  994   785.0679  6725.0
  995   785.2429  6751.0
  996   785.4179  6561.0
  997   785.5930  6634.0
  998   785.7680  6678.0
  999   785.9430  6558.0
 1000   786.1181  6469.0
 1001   786.2931  6540.0
 1002   786.4681  6617.0
 1003   786.6431  6747.0
 1004   786.8182  7080.0
 1005   786.9932  7035.0
 1006   787.1682  6927.0
 1007   787.3432  6810.0
 1008   787.5182  6688.0
 1009   787.6932  6702.0
 1010   787.8682  6716.0
 1011   788.0432  6817.0
 1012   788.2183  7118.0
 1013   788.3933  7040.0
 1014   788.5683  6999.0
 1015   788.7433  6943.0
 1016   788.9182  6908.0
 1017   789.0932  7085.0
 1018   789.2682  7242.0
 1019   789.4432  7366.0
 1020   789.6182  7246.0
 1021   789.7932  7155.0
 1022   789.9682  7310.0
 1023   790.1431  7296.0
