# Wavelength calibration
# Source: 20260810_135352_C001H001S0001000001.tif
# Grating center wavelength: 700.0 nm
# Polynomial (highest order first): [np.float64(-6.295521306749217e-09), np.float64(7.656898793276602e-06), np.float64(-0.16204872591505995), np.float64(815.8693669957287)]
# RMS residual: 0.25717 nm
#
# pixel  wavelength_nm  species  residual_nm
  24.683    811.5311  Ar I   -0.3429
  35.623    810.3693  Ar I   +0.2632
  94.046    800.6157  Ar I   -0.0761
 132.655    794.8176  Ar I   +0.3248
 269.064    772.3761  Ar I   -0.3235
 326.972    763.5106  Ar I   +0.0281
 404.755    751.4652  Ar I   +0.3488
 410.779    750.3869  Ar I   +0.2282
 482.755    738.3980  Ar I   -0.3177
 492.195    737.2118  Ar I   -0.0023
 546.100    728.1349  He I   -0.4978
 595.905    720.6980  Ar I   +0.0075
 634.908    714.7042  Ar I   +0.2456
 684.214    706.5188  He I   -0.0425
 748.070    696.5431  Ar I   +0.2481
 922.784    667.8151  He I   -0.0915
#
# pixel  wavelength_nm  counts
    0   815.8694  11660.0
    1   815.7073  11179.0
    2   815.5453  10312.0
    3   815.3833  10323.0
    4   815.2213  10325.0
    5   815.0593  10526.0
    6   814.8973  10345.0
    7   814.7354  9988.0
    8   814.5735  9834.0
    9   814.4115  9984.0
   10   814.2496  10084.0
   11   814.0877  10300.0
   12   813.9259  9324.0
   13   813.7640  9728.0
   14   813.6022  10264.0
   15   813.4403  10029.0
   16   813.2785  9745.0
   17   813.1167  10150.0
   18   812.9549  10061.0
   19   812.7932  10424.0
   20   812.6314  10397.0
   21   812.4697  11099.0
   22   812.3079  11963.0
   23   812.1462  12776.0
   24   811.9845  13359.0
   25   811.8228  13512.0
   26   811.6612  12756.0
   27   811.4995  11618.0
   28   811.3379  10951.0
   29   811.1762  10330.0
   30   811.0146  9929.0
   31   810.8530  9709.0
   32   810.6914  9905.0
   33   810.5299  10135.0
   34   810.3683  10546.0
   35   810.2068  10705.0
   36   810.0452  10704.0
   37   809.8837  10505.0
   38   809.7222  10138.0
   39   809.5607  9784.0
   40   809.3993  9637.0
   41   809.2378  9568.0
   42   809.0764  9459.0
   43   808.9149  9446.0
   44   808.7535  9578.0
   45   808.5921  9663.0
   46   808.4307  9670.0
   47   808.2693  9367.0
   48   808.1080  9379.0
   49   807.9466  9421.0
   50   807.7853  9381.0
   51   807.6240  9373.0
   52   807.4627  9473.0
   53   807.3014  9471.0
   54   807.1401  9347.0
   55   806.9788  9280.0
   56   806.8175  9297.0
   57   806.6563  9359.0
   58   806.4951  9378.0
   59   806.3339  9495.0
   60   806.1726  9280.0
   61   806.0115  9355.0
   62   805.8503  9427.0
   63   805.6891  9457.0
   64   805.5280  9389.0
   65   805.3668  9747.0
   66   805.2057  9932.0
   67   805.0446  9933.0
   68   804.8835  9404.0
   69   804.7224  9283.0
   70   804.5613  9159.0
   71   804.4003  9191.0
   72   804.2392  9041.0
   73   804.0782  8953.0
   74   803.9171  8941.0
   75   803.7561  8890.0
   76   803.5951  9146.0
   77   803.4341  9005.0
   78   803.2732  9090.0
   79   803.1122  9206.0
   80   802.9512  8905.0
   81   802.7903  8941.0
   82   802.6294  8904.0
   83   802.4685  8910.0
   84   802.3076  9135.0
   85   802.1467  9065.0
   86   801.9858  8972.0
   87   801.8249  9043.0
   88   801.6641  8909.0
   89   801.5032  9180.0
   90   801.3424  9294.0
   91   801.1816  9860.0
   92   801.0208  10186.0
   93   800.8600  10872.0
   94   800.6992  11200.0
   95   800.5384  10910.0
   96   800.3777  10196.0
   97   800.2169  9824.0
   98   800.0562  9444.0
   99   799.8955  9171.0
  100   799.7348  8898.0
  101   799.5741  8873.0
  102   799.4134  8799.0
  103   799.2527  8785.0
  104   799.0920  8835.0
  105   798.9314  8815.0
  106   798.7707  8757.0
  107   798.6101  8886.0
  108   798.4495  8857.0
  109   798.2889  8987.0
  110   798.1283  8944.0
  111   797.9677  8867.0
  112   797.8071  8960.0
  113   797.6465  9064.0
  114   797.4860  9190.0
  115   797.3255  9389.0
  116   797.1649  9348.0
  117   797.0044  9308.0
  118   796.8439  9058.0
  119   796.6834  8820.0
  120   796.5229  8781.0
  121   796.3624  8729.0
  122   796.2020  8814.0
  123   796.0415  8867.0
  124   795.8811  8706.0
  125   795.7206  8740.0
  126   795.5602  8693.0
  127   795.3998  8806.0
  128   795.2394  8808.0
  129   795.0790  9086.0
  130   794.9186  9591.0
  131   794.7582  9967.0
  132   794.5979  10059.0
  133   794.4375  10104.0
  134   794.2772  9802.0
  135   794.1168  9338.0
  136   793.9565  8877.0
  137   793.7962  8667.0
  138   793.6359  8621.0
  139   793.4756  8502.0
  140   793.3153  8664.0
  141   793.1551  8541.0
  142   792.9948  8761.0
  143   792.8346  8613.0
  144   792.6743  8415.0
  145   792.5141  8416.0
  146   792.3539  8497.0
  147   792.1937  8474.0
  148   792.0335  8603.0
  149   791.8733  8601.0
  150   791.7131  8564.0
  151   791.5529  8539.0
  152   791.3928  8594.0
  153   791.2326  8623.0
  154   791.0725  8824.0
  155   790.9123  8806.0
  156   790.7522  9193.0
  157   790.5921  9915.0
  158   790.4320  10870.0
  159   790.2719  11800.0
  160   790.1118  11932.0
  161   789.9517  11651.0
  162   789.7917  10735.0
  163   789.6316  9985.0
  164   789.4715  9250.0
  165   789.3115  8965.0
  166   789.1515  9085.0
  167   788.9915  9629.0
  168   788.8314  11003.0
  169   788.6714  12478.0
  170   788.5114  14078.0
  171   788.3515  14286.0
  172   788.1915  13590.0
  173   788.0315  11921.0
  174   787.8715  10394.0
  175   787.7116  9367.0
  176   787.5516  8876.0
  177   787.3917  8620.0
  178   787.2318  8619.0
  179   787.0719  8561.0
  180   786.9120  8701.0
  181   786.7521  8543.0
  182   786.5922  8540.0
  183   786.4323  8492.0
  184   786.2724  8444.0
  185   786.1125  8541.0
  186   785.9527  8730.0
  187   785.7928  8687.0
  188   785.6330  8600.0
  189   785.4732  8533.0
  190   785.3133  8474.0
  191   785.1535  8570.0
  192   784.9937  8534.0
  193   784.8339  8585.0
  194   784.6741  8765.0
  195   784.5143  8675.0
  196   784.3546  8497.0
  197   784.1948  8601.0
  198   784.0350  8602.0
  199   783.8753  8613.0
  200   783.7155  8609.0
  201   783.5558  8541.0
  202   783.3961  8512.0
  203   783.2363  8541.0
  204   783.0766  8718.0
  205   782.9169  8669.0
  206   782.7572  8718.0
  207   782.5975  8639.0
  208   782.4378  8488.0
  209   782.2782  8650.0
  210   782.1185  8535.0
  211   781.9588  8657.0
  212   781.7992  8738.0
  213   781.6395  8715.0
  214   781.4799  8653.0
  215   781.3203  8751.0
  216   781.1606  8512.0
  217   781.0010  8586.0
  218   780.8414  8673.0
  219   780.6818  8758.0
  220   780.5222  8724.0
  221   780.3626  8715.0
  222   780.2030  8711.0
  223   780.0435  8703.0
  224   779.8839  8795.0
  225   779.7243  9094.0
  226   779.5648  9356.0
  227   779.4052  9982.0
  228   779.2457  10689.0
  229   779.0861  11413.0
  230   778.9266  11566.0
  231   778.7671  11058.0
  232   778.6076  10240.0
  233   778.4481  9504.0
  234   778.2886  9008.0
  235   778.1291  8827.0
  236   777.9696  8876.0
  237   777.8101  8743.0
  238   777.6506  8649.0
  239   777.4911  8661.0
  240   777.3317  8562.0
  241   777.1722  8833.0
  242   777.0128  9093.0
  243   776.8533  9402.0
  244   776.6939  9800.0
  245   776.5345  9734.0
  246   776.3750  9473.0
  247   776.2156  9172.0
  248   776.0562  8871.0
  249   775.8968  8750.0
  250   775.7374  8706.0
  251   775.5780  8751.0
  252   775.4186  8767.0
  253   775.2592  8712.0
  254   775.0998  8572.0
  255   774.9404  8589.0
  256   774.7811  8485.0
  257   774.6217  8702.0
  258   774.4624  8920.0
  259   774.3030  8880.0
  260   774.1437  8571.0
  261   773.9843  8559.0
  262   773.8250  8636.0
  263   773.6656  8602.0
  264   773.5063  8549.0
  265   773.3470  8696.0
  266   773.1877  8605.0
  267   773.0284  8638.0
  268   772.8691  8644.0
  269   772.7098  8789.0
  270   772.5505  8677.0
  271   772.3912  8677.0
  272   772.2319  8615.0
  273   772.0726  8595.0
  274   771.9134  8704.0
  275   771.7541  8680.0
  276   771.5948  8760.0
  277   771.4356  8754.0
  278   771.2763  8811.0
  279   771.1171  9076.0
  280   770.9578  9366.0
  281   770.7986  9843.0
  282   770.6394  9997.0
  283   770.4801  9966.0
  284   770.3209  9518.0
  285   770.1617  9166.0
  286   770.0025  9003.0
  287   769.8432  8796.0
  288   769.6840  8639.0
  289   769.5248  8658.0
  290   769.3656  8864.0
  291   769.2064  8772.0
  292   769.0473  8604.0
  293   768.8881  8508.0
  294   768.7289  8574.0
  295   768.5697  8573.0
  296   768.4105  8494.0
  297   768.2514  8654.0
  298   768.0922  8692.0
  299   767.9330  8743.0
  300   767.7739  8813.0
  301   767.6147  8783.0
  302   767.4556  8765.0
  303   767.2964  8722.0
  304   767.1373  8581.0
  305   766.9782  8673.0
  306   766.8190  8669.0
  307   766.6599  8796.0
  308   766.5008  8722.0
  309   766.3417  8795.0
  310   766.1825  8722.0
  311   766.0234  8597.0
  312   765.8643  8683.0
  313   765.7052  8663.0
  314   765.5461  8732.0
  315   765.3870  8895.0
  316   765.2279  8751.0
  317   765.0688  8718.0
  318   764.9097  8736.0
  319   764.7506  8810.0
  320   764.5915  8817.0
  321   764.4325  8887.0
  322   764.2734  9202.0
  323   764.1143  9481.0
  324   763.9552  9804.0
  325   763.7962  10504.0
  326   763.6371  11259.0
  327   763.4781  11549.0
  328   763.3190  11225.0
  329   763.1599  10459.0
  330   763.0009  9823.0
  331   762.8418  9311.0
  332   762.6828  9366.0
  333   762.5237  9212.0
  334   762.3647  8905.0
  335   762.2057  8925.0
  336   762.0466  8892.0
  337   761.8876  8919.0
  338   761.7286  8834.0
  339   761.5695  8861.0
  340   761.4105  9020.0
  341   761.2515  9062.0
  342   761.0925  9020.0
  343   760.9334  9066.0
  344   760.7744  9007.0
  345   760.6154  9255.0
  346   760.4564  9724.0
  347   760.2974  10309.0
  348   760.1384  10770.0
  349   759.9794  10991.0
  350   759.8204  10684.0
  351   759.6614  10152.0
  352   759.5024  9543.0
  353   759.3434  9273.0
  354   759.1844  9064.0
  355   759.0254  9103.0
  356   758.8664  8879.0
  357   758.7074  8877.0
  358   758.5484  8772.0
  359   758.3894  8847.0
  360   758.2304  8918.0
  361   758.0715  8747.0
  362   757.9125  8761.0
  363   757.7535  8778.0
  364   757.5945  8914.0
  365   757.4355  8855.0
  366   757.2766  8839.0
  367   757.1176  8744.0
  368   756.9586  8828.0
  369   756.7996  8863.0
  370   756.6407  8924.0
  371   756.4817  8727.0
  372   756.3227  8853.0
  373   756.1638  8812.0
  374   756.0048  8729.0
  375   755.8459  8906.0
  376   755.6869  8814.0
  377   755.5279  8773.0
  378   755.3690  8945.0
  379   755.2100  8865.0
  380   755.0511  8899.0
  381   754.8921  8811.0
  382   754.7331  8778.0
  383   754.5742  8693.0
  384   754.4152  8627.0
  385   754.2563  8840.0
  386   754.0973  9029.0
  387   753.9384  8982.0
  388   753.7794  8746.0
  389   753.6205  8661.0
  390   753.4615  8677.0
  391   753.3026  8868.0
  392   753.1436  8814.0
  393   752.9847  8696.0
  394   752.8257  8793.0
  395   752.6668  8761.0
  396   752.5078  8870.0
  397   752.3489  8769.0
  398   752.1900  8812.0
  399   752.0310  8759.0
  400   751.8721  8686.0
  401   751.7131  8684.0
  402   751.5542  8704.0
  403   751.3952  8758.0
  404   751.2363  8817.0
  405   751.0773  8893.0
  406   750.9184  8629.0
  407   750.7595  8717.0
  408   750.6005  8567.0
  409   750.4416  8746.0
  410   750.2826  8690.0
  411   750.1237  8744.0
  412   749.9647  8565.0
  413   749.8058  8564.0
  414   749.6468  8560.0
  415   749.4879  8603.0
  416   749.3289  8609.0
  417   749.1700  8652.0
  418   749.0111  8565.0
  419   748.8521  8599.0
  420   748.6932  8435.0
  421   748.5342  8429.0
  422   748.3753  8330.0
  423   748.2163  8362.0
  424   748.0574  8319.0
  425   747.8984  8270.0
  426   747.7395  8343.0
  427   747.5805  8288.0
  428   747.4215  8486.0
  429   747.2626  8442.0
  430   747.1036  8390.0
  431   746.9447  8403.0
  432   746.7857  8301.0
  433   746.6268  8181.0
  434   746.4678  8218.0
  435   746.3088  8270.0
  436   746.1499  8404.0
  437   745.9909  8368.0
  438   745.8320  8168.0
  439   745.6730  8156.0
  440   745.5140  8254.0
  441   745.3551  8201.0
  442   745.1961  8327.0
  443   745.0371  8371.0
  444   744.8781  8225.0
  445   744.7192  8137.0
  446   744.5602  8180.0
  447   744.4012  8255.0
  448   744.2422  8125.0
  449   744.0833  8174.0
  450   743.9243  8378.0
  451   743.7653  8464.0
  452   743.6063  8123.0
  453   743.4473  8153.0
  454   743.2883  8096.0
  455   743.1294  8154.0
  456   742.9704  8013.0
  457   742.8114  8034.0
  458   742.6524  8179.0
  459   742.4934  8196.0
  460   742.3344  8298.0
  461   742.1754  8068.0
  462   742.0164  8223.0
  463   741.8574  8248.0
  464   741.6984  8159.0
  465   741.5393  8300.0
  466   741.3803  8510.0
  467   741.2213  9175.0
  468   741.0623  9894.0
  469   740.9033  10199.0
  470   740.7443  10123.0
  471   740.5852  9608.0
  472   740.4262  9069.0
  473   740.2672  8683.0
  474   740.1081  8530.0
  475   739.9491  8330.0
  476   739.7901  8104.0
  477   739.6310  8145.0
  478   739.4720  8055.0
  479   739.3129  8086.0
  480   739.1539  8086.0
  481   738.9948  8065.0
  482   738.8358  8160.0
  483   738.6767  8209.0
  484   738.5177  8066.0
  485   738.3586  8001.0
  486   738.1995  8015.0
  487   738.0405  8003.0
  488   737.8814  8094.0
  489   737.7223  8141.0
  490   737.5633  8068.0
  491   737.4042  8065.0
  492   737.2451  8259.0
  493   737.0860  8165.0
  494   736.9269  8042.0
  495   736.7678  8020.0
  496   736.6087  7984.0
  497   736.4496  8007.0
  498   736.2905  7888.0
  499   736.1314  8074.0
  500   735.9723  8165.0
  501   735.8132  8158.0
  502   735.6541  8030.0
  503   735.4949  8099.0
  504   735.3358  8104.0
  505   735.1767  7976.0
  506   735.0175  8038.0
  507   734.8584  8111.0
  508   734.6993  8061.0
  509   734.5401  7867.0
  510   734.3810  7961.0
  511   734.2218  7833.0
  512   734.0627  7879.0
  513   733.9035  7960.0
  514   733.7443  8082.0
  515   733.5852  8058.0
  516   733.4260  7865.0
  517   733.2668  7916.0
  518   733.1076  7986.0
  519   732.9484  7841.0
  520   732.7893  8002.0
  521   732.6301  7990.0
  522   732.4709  8191.0
  523   732.3117  8239.0
  524   732.1524  8948.0
  525   731.9932  10032.0
  526   731.8340  11704.0
  527   731.6748  13103.0
  528   731.5156  13402.0
  529   731.3563  12462.0
  530   731.1971  10932.0
  531   731.0379  9701.0
  532   730.8786  8892.0
  533   730.7194  8409.0
  534   730.5601  8047.0
  535   730.4009  7949.0
  536   730.2416  7773.0
  537   730.0823  7858.0
  538   729.9231  7755.0
  539   729.7638  7775.0
  540   729.6045  7763.0
  541   729.4452  7788.0
  542   729.2859  7773.0
  543   729.1266  7781.0
  544   728.9673  7729.0
  545   728.8080  7778.0
  546   728.6487  7959.0
  547   728.4894  7832.0
  548   728.3300  7730.0
  549   728.1707  7692.0
  550   728.0114  7654.0
  551   727.8520  7648.0
  552   727.6927  7628.0
  553   727.5333  7762.0
  554   727.3740  7672.0
  555   727.2146  7637.0
  556   727.0552  7741.0
  557   726.8959  7700.0
  558   726.7365  7711.0
  559   726.5771  7662.0
  560   726.4177  7600.0
  561   726.2583  7581.0
  562   726.0989  7596.0
  563   725.9395  7701.0
  564   725.7801  7752.0
  565   725.6206  7653.0
  566   725.4612  7670.0
  567   725.3018  7558.0
  568   725.1423  7604.0
  569   724.9829  7641.0
  570   724.8234  7703.0
  571   724.6640  7741.0
  572   724.5045  7609.0
  573   724.3450  7585.0
  574   724.1856  7635.0
  575   724.0261  7427.0
  576   723.8666  7640.0
  577   723.7071  7700.0
  578   723.5476  7834.0
  579   723.3881  7709.0
  580   723.2286  7462.0
  581   723.0690  7529.0
  582   722.9095  7552.0
  583   722.7500  7490.0
  584   722.5904  7505.0
  585   722.4309  7395.0
  586   722.2713  7421.0
  587   722.1118  7586.0
  588   721.9522  7588.0
  589   721.7926  7587.0
  590   721.6330  7520.0
  591   721.4734  7436.0
  592   721.3138  7410.0
  593   721.1542  7305.0
  594   720.9946  7358.0
  595   720.8350  7355.0
  596   720.6754  7438.0
  597   720.5157  7316.0
  598   720.3561  7435.0
  599   720.1964  7384.0
  600   720.0368  7227.0
  601   719.8771  7285.0
  602   719.7174  7349.0
  603   719.5578  7236.0
  604   719.3981  7220.0
  605   719.2384  7155.0
  606   719.0787  7313.0
  607   718.9190  7327.0
  608   718.7593  7406.0
  609   718.5995  7215.0
  610   718.4398  7365.0
  611   718.2801  7170.0
  612   718.1203  7043.0
  613   717.9606  6981.0
  614   717.8008  6977.0
  615   717.6410  6759.0
  616   717.4813  6941.0
  617   717.3215  6995.0
  618   717.1617  6789.0
  619   717.0019  6899.0
  620   716.8421  6955.0
  621   716.6823  7034.0
  622   716.5224  6873.0
  623   716.3626  6798.0
  624   716.2027  6804.0
  625   716.0429  6845.0
  626   715.8830  6761.0
  627   715.7232  6799.0
  628   715.5633  6865.0
  629   715.4034  6706.0
  630   715.2435  6761.0
  631   715.0836  6628.0
  632   714.9237  6740.0
  633   714.7638  6759.0
  634   714.6039  6792.0
  635   714.4439  6827.0
  636   714.2840  6755.0
  637   714.1240  6681.0
  638   713.9641  6669.0
  639   713.8041  6524.0
  640   713.6441  6632.0
  641   713.4841  6707.0
  642   713.3241  6864.0
  643   713.1641  6859.0
  644   713.0041  6678.0
  645   712.8441  6824.0
  646   712.6841  7322.0
  647   712.5240  8088.0
  648   712.3640  8627.0
  649   712.2039  8835.0
  650   712.0438  8333.0
  651   711.8837  7750.0
  652   711.7237  7413.0
  653   711.5636  7075.0
  654   711.4035  6836.0
  655   711.2433  6637.0
  656   711.0832  6591.0
  657   710.9231  6499.0
  658   710.7629  6475.0
  659   710.6028  6399.0
  660   710.4426  6592.0
  661   710.2824  6498.0
  662   710.1223  6410.0
  663   709.9621  6493.0
  664   709.8019  6500.0
  665   709.6417  6471.0
  666   709.4814  6604.0
  667   709.3212  6592.0
  668   709.1610  6549.0
  669   709.0007  6479.0
  670   708.8404  6473.0
  671   708.6802  6479.0
  672   708.5199  6408.0
  673   708.3596  6457.0
  674   708.1993  6533.0
  675   708.0390  6441.0
  676   707.8787  6322.0
  677   707.7183  6296.0
  678   707.5580  6279.0
  679   707.3976  6326.0
  680   707.2373  6374.0
  681   707.0769  6285.0
  682   706.9165  6327.0
  683   706.7561  6440.0
  684   706.5957  6444.0
  685   706.4353  6432.0
  686   706.2749  6395.0
  687   706.1144  6261.0
  688   705.9540  6220.0
  689   705.7935  6216.0
  690   705.6331  6312.0
  691   705.4726  6273.0
  692   705.3121  6262.0
  693   705.1516  6295.0
  694   704.9911  6321.0
  695   704.8306  6213.0
  696   704.6700  6279.0
  697   704.5095  6283.0
  698   704.3489  6381.0
  699   704.1884  6170.0
  700   704.0278  6277.0
  701   703.8672  6216.0
  702   703.7066  6198.0
  703   703.5460  6218.0
  704   703.3854  6156.0
  705   703.2247  6199.0
  706   703.0641  6311.0
  707   702.9034  6410.0
  708   702.7427  6151.0
  709   702.5821  6162.0
  710   702.4214  6077.0
  711   702.2607  6178.0
  712   702.1000  6147.0
  713   701.9392  6135.0
  714   701.7785  6129.0
  715   701.6178  6097.0
  716   701.4570  6273.0
  717   701.2962  6153.0
  718   701.1354  6255.0
  719   700.9746  6192.0
  720   700.8138  6139.0
  721   700.6530  6153.0
  722   700.4922  6056.0
  723   700.3313  6141.0
  724   700.1705  6121.0
  725   700.0096  6250.0
  726   699.8487  6260.0
  727   699.6878  6391.0
  728   699.5269  6312.0
  729   699.3660  6179.0
  730   699.2051  6219.0
  731   699.0442  6216.0
  732   698.8832  6184.0
  733   698.7222  6092.0
  734   698.5613  6170.0
  735   698.4003  6144.0
  736   698.2393  6078.0
  737   698.0783  6194.0
  738   697.9172  6232.0
  739   697.7562  6123.0
  740   697.5951  5921.0
  741   697.4341  5923.0
  742   697.2730  6019.0
  743   697.1119  5909.0
  744   696.9508  6071.0
  745   696.7897  5956.0
  746   696.6285  6048.0
  747   696.4674  6095.0
  748   696.3063  6148.0
  749   696.1451  6108.0
  750   695.9839  6117.0
  751   695.8227  5941.0
  752   695.6615  6059.0
  753   695.5003  5926.0
  754   695.3391  5978.0
  755   695.1778  6098.0
  756   695.0165  6288.0
  757   694.8553  6327.0
  758   694.6940  6386.0
  759   694.5327  6338.0
  760   694.3714  6452.0
  761   694.2101  6307.0
  762   694.0487  6268.0
  763   693.8874  6204.0
  764   693.7260  6020.0
  765   693.5646  5974.0
  766   693.4032  5892.0
  767   693.2418  5802.0
  768   693.0804  5964.0
  769   692.9190  6005.0
  770   692.7575  6129.0
  771   692.5960  6132.0
  772   692.4346  5906.0
  773   692.2731  5877.0
  774   692.1116  5853.0
  775   691.9501  5904.0
  776   691.7885  5956.0
  777   691.6270  5946.0
  778   691.4654  5990.0
  779   691.3039  5968.0
  780   691.1423  6062.0
  781   690.9807  6029.0
  782   690.8190  6038.0
  783   690.6574  6013.0
  784   690.4958  5944.0
  785   690.3341  6084.0
  786   690.1724  6194.0
  787   690.0108  6306.0
  788   689.8491  6348.0
  789   689.6873  6263.0
  790   689.5256  6153.0
  791   689.3639  6109.0
  792   689.2021  6143.0
  793   689.0403  6418.0
  794   688.8785  6588.0
  795   688.7167  6937.0
  796   688.5549  7066.0
  797   688.3931  6934.0
  798   688.2312  6610.0
  799   688.0694  6552.0
  800   687.9075  6535.0
  801   687.7456  6609.0
  802   687.5837  6633.0
  803   687.4218  6457.0
  804   687.2598  6246.0
  805   687.0979  6094.0
  806   686.9359  5975.0
  807   686.7739  5848.0
  808   686.6119  5880.0
  809   686.4499  5885.0
  810   686.2879  6011.0
  811   686.1258  6001.0
  812   685.9638  6278.0
  813   685.8017  6518.0
  814   685.6396  6380.0
  815   685.4775  6272.0
  816   685.3154  6245.0
  817   685.1533  6157.0
  818   684.9911  6150.0
  819   684.8289  6129.0
  820   684.6668  6180.0
  821   684.5046  5989.0
  822   684.3423  5923.0
  823   684.1801  5858.0
  824   684.0179  5915.0
  825   683.8556  5862.0
  826   683.6933  6016.0
  827   683.5310  5992.0
  828   683.3687  5852.0
  829   683.2064  5919.0
  830   683.0441  5866.0
  831   682.8817  5888.0
  832   682.7193  5762.0
  833   682.5569  5957.0
  834   682.3945  6085.0
  835   682.2321  6184.0
  836   682.0697  5863.0
  837   681.9072  5784.0
  838   681.7448  5814.0
  839   681.5823  5766.0
  840   681.4198  5866.0
  841   681.2572  5806.0
  842   681.0947  5836.0
  843   680.9322  5904.0
  844   680.7696  5943.0
  845   680.6070  5932.0
  846   680.4444  5890.0
  847   680.2818  5836.0
  848   680.1191  5867.0
  849   679.9565  5810.0
  850   679.7938  5776.0
  851   679.6311  5842.0
  852   679.4684  5855.0
  853   679.3057  5913.0
  854   679.1430  5947.0
  855   678.9802  5918.0
  856   678.8175  5853.0
  857   678.6547  5794.0
  858   678.4919  5884.0
  859   678.3290  5915.0
  860   678.1662  5943.0
  861   678.0033  5811.0
  862   677.8405  5826.0
  863   677.6776  5912.0
  864   677.5147  5872.0
  865   677.3517  5957.0
  866   677.1888  6078.0
  867   677.0258  6130.0
  868   676.8629  6041.0
  869   676.6999  6306.0
  870   676.5369  6503.0
  871   676.3738  6524.0
  872   676.2108  6430.0
  873   676.0477  6319.0
  874   675.8846  6111.0
  875   675.7215  5984.0
  876   675.5584  6093.0
  877   675.3953  6062.0
  878   675.2321  5889.0
  879   675.0690  5740.0
  880   674.9058  5741.0
  881   674.7426  5808.0
  882   674.5793  5810.0
  883   674.4161  5858.0
  884   674.2528  5980.0
  885   674.0896  5791.0
  886   673.9263  5789.0
  887   673.7629  5813.0
  888   673.5996  5887.0
  889   673.4363  5836.0
  890   673.2729  5943.0
  891   673.1095  5806.0
  892   672.9461  5807.0
  893   672.7827  5746.0
  894   672.6192  5694.0
  895   672.4558  5852.0
  896   672.2923  5836.0
  897   672.1288  5824.0
  898   671.9653  5949.0
  899   671.8017  6092.0
  900   671.6382  5702.0
  901   671.4746  5701.0
  902   671.3110  5799.0
  903   671.1474  5756.0
  904   670.9838  5777.0
  905   670.8201  5819.0
  906   670.6564  5784.0
  907   670.4928  5824.0
  908   670.3291  5852.0
  909   670.1653  5766.0
  910   670.0016  5930.0
  911   669.8378  5866.0
  912   669.6740  5796.0
  913   669.5102  5835.0
  914   669.3464  5748.0
  915   669.1826  5779.0
  916   669.0187  5887.0
  917   668.8548  5902.0
  918   668.6909  5951.0
  919   668.5270  5978.0
  920   668.3631  6069.0
  921   668.1991  6187.0
  922   668.0352  6175.0
  923   667.8712  6305.0
  924   667.7072  5977.0
  925   667.5431  5939.0
  926   667.3791  5950.0
  927   667.2150  5921.0
  928   667.0509  5834.0
  929   666.8868  5919.0
  930   666.7227  5958.0
  931   666.5585  5998.0
  932   666.3943  5805.0
  933   666.2301  5828.0
  934   666.0659  5857.0
  935   665.9017  5737.0
  936   665.7374  5981.0
  937   665.5732  5840.0
  938   665.4089  5814.0
  939   665.2446  5821.0
  940   665.0802  5998.0
  941   664.9159  5962.0
  942   664.7515  5925.0
  943   664.5871  5887.0
  944   664.4227  5845.0
  945   664.2583  5899.0
  946   664.0938  5908.0
  947   663.9294  5863.0
  948   663.7649  6062.0
  949   663.6003  5916.0
  950   663.4358  5982.0
  951   663.2712  5983.0
  952   663.1067  5999.0
  953   662.9421  5948.0
  954   662.7775  6033.0
  955   662.6128  6006.0
  956   662.4482  6045.0
  957   662.2835  5978.0
  958   662.1188  6117.0
  959   661.9541  5911.0
  960   661.7893  5668.0
  961   661.6245  5724.0
  962   661.4598  5884.0
  963   661.2950  6052.0
  964   661.1301  5644.0
  965   660.9653  5852.0
  966   660.8004  5796.0
  967   660.6355  5954.0
  968   660.4706  5703.0
  969   660.3057  5672.0
  970   660.1407  5756.0
  971   659.9758  5753.0
  972   659.8108  6071.0
  973   659.6457  6005.0
  974   659.4807  6073.0
  975   659.3156  6184.0
  976   659.1506  5802.0
  977   658.9854  5662.0
  978   658.8203  5780.0
  979   658.6552  5758.0
  980   658.4900  6019.0
  981   658.3248  6132.0
  982   658.1596  5989.0
  983   657.9944  6184.0
  984   657.8291  6005.0
  985   657.6638  5902.0
  986   657.4985  6105.0
  987   657.3332  6124.0
  988   657.1679  6019.0
  989   657.0025  6046.0
  990   656.8371  6109.0
  991   656.6717  6304.0
  992   656.5063  6398.0
  993   656.3408  6533.0
  994   656.1753  6725.0
  995   656.0098  6751.0
  996   655.8443  6561.0
  997   655.6788  6634.0
  998   655.5132  6678.0
  999   655.3476  6558.0
 1000   655.1820  6469.0
 1001   655.0164  6540.0
 1002   654.8507  6617.0
 1003   654.6851  6747.0
 1004   654.5194  7080.0
 1005   654.3536  7035.0
 1006   654.1879  6927.0
 1007   654.0221  6810.0
 1008   653.8563  6688.0
 1009   653.6905  6702.0
 1010   653.5247  6716.0
 1011   653.3588  6817.0
 1012   653.1929  7118.0
 1013   653.0270  7040.0
 1014   652.8611  6999.0
 1015   652.6951  6943.0
 1016   652.5292  6908.0
 1017   652.3632  7085.0
 1018   652.1972  7242.0
 1019   652.0311  7366.0
 1020   651.8650  7246.0
 1021   651.6990  7155.0
 1022   651.5328  7310.0
 1023   651.3667  7296.0
